# Flat spectrum for USB2+H13495 (safe)
# Wavelength (nm),       Flat Response
2.819778181484797983e+02 9.985740547806808420e-01
2.820698104665261212e+02 9.967128038955488378e-01
2.821617872679127004e+02 1.005856218094095755e+00
2.822537485517508458e+02 9.976744552920899789e-01
2.823456943171519242e+02 1.002530335458693855e+00
2.824376245632274731e+02 1.003633720058933809e+00
2.825295392890885751e+02 9.951109684692641677e-01
2.826214384938467106e+02 9.988062369742337632e-01
2.827133221766133033e+02 1.001560727345113477e+00
2.828051903364996633e+02 1.002530948454867010e+00
2.828970429726170437e+02 1.000131429911767178e+00
2.829888800840769250e+02 9.941403994656763388e-01
2.830807016699906740e+02 9.962386138035496108e-01
2.831725077294696007e+02 1.009688361736791551e+00
2.832642982616249583e+02 1.002616882585009916e+00
2.833560732655683410e+02 9.973202679563933915e-01
2.834478327404109450e+02 9.934246030541654671e-01
2.835395766852641373e+02 1.000496766387516390e+00
2.836313050992393414e+02 1.004869471268836412e+00
2.837230179814478674e+02 1.002814644854085779e+00
2.838147153310010822e+02 1.001032611258907412e+00
2.839063971470102956e+02 9.924770146628594247e-01
2.839980634285869883e+02 1.000900262943687169e+00
2.840897141748424133e+02 1.000983981068935824e+00
2.841813493848879943e+02 1.002959880491576916e+00
2.842729690578349846e+02 1.001751806029935743e+00
2.843645731927949214e+02 9.940591913413174829e-01
2.844561617888790011e+02 9.956614259311741266e-01
2.845477348451985904e+02 1.007006479104414431e+00
2.846392923608651131e+02 9.986592166694421291e-01
2.847308343349899360e+02 9.974497941702403780e-01
2.848223607666843122e+02 9.996333403333119705e-01
2.849138716550597792e+02 1.005738706468592314e+00
2.850053669992275331e+02 9.997589612687345362e-01
2.850968467982989978e+02 9.996678559804598185e-01
2.851883110513854831e+02 9.969352756424005868e-01
2.852797597575984128e+02 1.000968387640833956e+00
2.853711929160492105e+02 1.000767717236302534e+00
2.854626105258489588e+02 1.001227829327764329e+00
2.855540125861093657e+02 9.959740211737034832e-01
2.856453990959415705e+02 1.000418996957453066e+00
2.857367700544569402e+02 1.005299582733194974e+00
2.858281254607668984e+02 9.997044237547390022e-01
2.859194653139828688e+02 9.941487016970842472e-01
2.860107896132159908e+02 1.002688649106160401e+00
2.861020983575778018e+02 1.002408202161149786e+00
2.861933915461796119e+02 9.973474022977458775e-01
2.862846691781327877e+02 9.987140599294191956e-01
2.863759312525486393e+02 1.000640133962368949e+00
2.864671777685386473e+02 1.008296009983394415e+00
2.865584087252140080e+02 9.920856619077293992e-01
2.866496241216862018e+02 9.940527396777989466e-01
2.867408239570664819e+02 1.002764965817504628e+00
2.868320082304663288e+02 1.007864158309845770e+00
2.869231769409969957e+02 9.994774292243522318e-01
2.870143300877698493e+02 9.988283327634328579e-01
2.871054676698963704e+02 9.915748491417202271e-01
2.871965896864878118e+02 1.002162573821683056e+00
2.872876961366554838e+02 1.003088031168601013e+00
2.873787870195108667e+02 1.006062363314599528e+00
2.874698623341652706e+02 9.975639252961752135e-01
2.875609220797300054e+02 9.960243760440202765e-01
2.876519662553164380e+02 9.980032597588845977e-01
2.877429948600359921e+02 1.004456742977690942e+00
2.878340078930000345e+02 1.001017700466826366e+00
2.879250053533197615e+02 9.964671298617536754e-01
2.880159872401067105e+02 1.000654842679074008e+00
2.881069535524722482e+02 9.999072031479011580e-01
2.881979042895275711e+02 1.000409591858961944e+00
2.882888394503841027e+02 9.980113799857466272e-01
2.883797590341532668e+02 1.003557518396262394e+00
2.884706630399464302e+02 1.001546231886238481e+00
2.885615514668747892e+02 9.981658298446580702e-01
2.886524243140498811e+02 9.959146332240961241e-01
2.887432815805830160e+02 1.001983558329752944e+00
2.888341232655854469e+02 1.001637187924814931e+00
2.889249493681686545e+02 1.002223572444564281e+00
2.890157598874440623e+02 9.996037380960310914e-01
2.891065548225228099e+02 9.962569207574205610e-01
2.891973341725163209e+02 1.001983889359851609e+00
2.892880979365361327e+02 1.000783730192507770e+00
2.893788461136933847e+02 1.000819833209021903e+00
2.894695787030995575e+02 9.981656017008635473e-01
2.895602957038659611e+02 9.964409773223239508e-01
2.896509971151039622e+02 1.001696561747038805e+00
2.897416829359249846e+02 1.003493256845284343e+00
2.898323531654402245e+02 9.965470364760693478e-01
2.899230078027612194e+02 1.002330851398723466e+00
2.900136468469992224e+02 1.006060229183267651e+00
2.901042702972656002e+02 9.911755440535428008e-01
2.901948781526717198e+02 1.000587812125294462e+00
2.902854704123290048e+02 9.996968035338699154e-01
2.903760470753487652e+02 1.001860717911796206e+00
2.904666081408422542e+02 1.003545540288299787e+00
2.905571536079210091e+02 9.974801107215864882e-01
2.906476834756962262e+02 9.966176009425630200e-01
2.907381977432793860e+02 1.001145475467989598e+00
2.908286964097818554e+02 9.996218144473991707e-01
2.909191794743148876e+02 1.000459684956811035e+00
2.910096469359898492e+02 1.006455118366543555e+00
2.911000987939182210e+02 9.964012559282700021e-01
2.911905350472111991e+02 9.939423010107283352e-01
2.912809556949803209e+02 1.003124555224117032e+00
2.913713607363367259e+02 1.003412865607503202e+00
2.914617501703920084e+02 1.002100492125450604e+00
2.915521239962573645e+02 9.942643801402132331e-01
2.916424822130441612e+02 9.956809396736799878e-01
2.917328248198638221e+02 1.006100291313775319e+00
2.918231518158277140e+02 1.006476359937867215e+00
2.919134632000471470e+02 9.951631850999793638e-01
2.920037589716333741e+02 9.951363465765646898e-01
2.920940391296979897e+02 1.004999767851219028e+00
2.921843036733523036e+02 1.000776057102112704e+00
2.922745526017074553e+02 9.957806809681176707e-01
2.923647859138749823e+02 1.000311856021696810e+00
2.924550036089662512e+02 9.997109471250752444e-01
2.925452056860925154e+02 1.001630108494341309e+00
2.926353921443652553e+02 1.001917419408756782e+00
2.927255629828957240e+02 9.965543647686972983e-01
2.928157182007954020e+02 1.005282086121831009e+00
2.929058577971754858e+02 9.974643081005756251e-01
2.929959817711474557e+02 9.981401455728221572e-01
2.930860901218226218e+02 9.922011598830565715e-01
2.931761828483122940e+02 1.006916761869091514e+00
2.932662599497280098e+02 1.002148711053577612e+00
2.933563214251809654e+02 9.990493214458660010e-01
2.934463672737825277e+02 9.996773750699484706e-01
2.935363974946440635e+02 1.005085291260230163e+00
2.936264120868769396e+02 1.002911493038878943e+00
2.937164110495926366e+02 9.884699705835797712e-01
2.938063943819022938e+02 1.002239823166940713e+00
2.938963620829174488e+02 9.989252937914064878e-01
2.939863141517493546e+02 1.003371173549622686e+00
2.940762505875094348e+02 1.001249432737390421e+00
2.941661713893089996e+02 9.946146241948594646e-01
2.942560765562594156e+02 1.002159347475962914e+00
2.943459660874720498e+02 1.005845659713619833e+00
2.944358399820582122e+02 9.944522899794469017e-01
2.945256982391293832e+02 9.970049058741901060e-01
2.946155408577968728e+02 1.001668432290094612e+00
2.947053678371719343e+02 1.003412112774092035e+00
2.947951791763660481e+02 1.000933475792243010e+00
2.948849748744905241e+02 9.986353127302344257e-01
2.949747549306567294e+02 1.005357207809856934e+00
2.950645193439759737e+02 9.926117749589092876e-01
2.951542681135596808e+02 9.967359576448432401e-01
2.952440012385192176e+02 1.004538116757914601e+00
2.953337187179658372e+02 1.001801667855309885e+00
2.954234205510110201e+02 9.974730764844111919e-01
2.955131067367661331e+02 9.989290725336129606e-01
2.956027772743423725e+02 1.001036930865137453e+00
2.956924321628512757e+02 1.001420415460195779e+00
2.957820714014040959e+02 9.982694421125057893e-01
2.958716949891122567e+02 1.002288752237628033e+00
2.959613029250869545e+02 1.003508618432529476e+00
2.960508952084397833e+02 9.932236182946927450e-01
2.961404718382819397e+02 9.985464889065007732e-01
2.962300328137248471e+02 1.005965274054800629e+00
2.963195781338798724e+02 9.989440458126133127e-01
2.964091077978583826e+02 9.953398627153424716e-01
2.964986218047716307e+02 1.002629376517220949e+00
2.965881201537310403e+02 1.001684808187303766e+00
2.966776028438480353e+02 9.990823412560650985e-01
2.967670698742339255e+02 9.979334325554074514e-01
2.968565212439999641e+02 1.005115794882096791e+00
2.969459569522576317e+02 9.953394630017564637e-01
2.970353769981183518e+02 9.968498796266879181e-01
2.971247813806933209e+02 1.007706782942391133e+00
2.972141700990939626e+02 9.958565369343982399e-01
2.973035431524316436e+02 9.972476950502240367e-01
2.973929005398176741e+02 1.005380014641093389e+00
2.974822422603634777e+02 9.991378974453808404e-01
2.975715683131804212e+02 9.982494167756683634e-01
2.976608786973798146e+02 1.002558902124147888e+00
2.977501734120730248e+02 1.004033384588935984e+00
2.978394524563713617e+02 9.892086341860273357e-01
2.979287158293863058e+02 1.001711704239037548e+00
2.980179635302291103e+02 1.005226232915300333e+00
2.981071955580111421e+02 9.955638040619265716e-01
2.981964119118438816e+02 1.001805692074690501e+00
2.982856125908385252e+02 1.000346110569584335e+00
2.983747975941064965e+02 1.002853336732427714e+00
2.984639669207591623e+02 1.004715977539323735e+00
2.985531205699078896e+02 9.909607509767091038e-01
2.986422585406639882e+02 9.996953619019137705e-01
2.987313808321388251e+02 1.001262531953887036e+00
2.988204874434438238e+02 1.002578733491777285e+00
2.989095783736903513e+02 9.955637784877980900e-01
2.989986536219896038e+02 1.001474216297888908e+00
2.990877131874531187e+02 1.003467841538664862e+00
2.991767570691921492e+02 9.967331530208874968e-01
2.992657852663180620e+02 9.974700553727650076e-01
2.993547977779422808e+02 1.004032309860322547e+00
2.994437946031761726e+02 9.966008391722525062e-01
2.995327757411309904e+02 1.002904472875865816e+00
2.996217411909181578e+02 1.001666507191378397e+00
2.997106909516489850e+02 9.980645391372259256e-01
2.997996250224349524e+02 1.000502199410368886e+00
2.998885434023871994e+02 9.987239790880475532e-01
2.999774460906173204e+02 9.996694290651647608e-01
3.000663330862366251e+02 1.000452764653611437e+00
3.001552043883563670e+02 1.003730823998920885e+00
3.002440599960879126e+02 9.997444131914169363e-01
3.003328999085426858e+02 9.944479001324530998e-01
3.004217241248319965e+02 1.004216603843735900e+00
3.005105326440672115e+02 9.988254490425657606e-01
3.005993254653597546e+02 9.949376086902231853e-01
3.006881025878209925e+02 1.004931642393930069e+00
3.007768640105621216e+02 9.973242708011856861e-01
3.008656097326945655e+02 1.004271633727421564e+00
3.009543397533298617e+02 1.001361330550335493e+00
3.010430540715791494e+02 9.985554118009506430e-01
3.011317526865538525e+02 9.981261542347602544e-01
3.012204355973653378e+02 9.971732057702001883e-01
3.013091028031249721e+02 1.001519051959991247e+00
3.013977543029440653e+02 1.005080989690806392e+00
3.014863900959340981e+02 9.987985495445341755e-01
3.015750101812063235e+02 9.935847691829392536e-01
3.016636145578721653e+02 1.003562921224754323e+00
3.017522032250428197e+02 9.978661630868516097e-01
3.018407761818298809e+02 9.998427679588488548e-01
3.019293334273445453e+02 1.009556803641311395e+00
3.020178749606981796e+02 9.955627956773605014e-01
3.021064007810022076e+02 9.955956083175097060e-01
3.021949108873679961e+02 9.982670881654436279e-01
3.022834052789067982e+02 1.007397677053691876e+00
3.023718839547300945e+02 9.936824313423912036e-01
3.024603469139491949e+02 1.001636556712101944e+00
3.025487941556754095e+02 9.989235559138485154e-01
3.026372256790200481e+02 1.001994048164700946e+00
3.027256414830947051e+02 1.000121946569955789e+00
3.028140415670105767e+02 1.003438198640486556e+00
3.029024259298789730e+02 1.000899222122351828e+00
3.029907945708113175e+02 9.947433953594071454e-01
3.030791474889189772e+02 9.969481349103500589e-01
3.031674846833133756e+02 1.005377992705662527e+00
3.032558061531056524e+02 9.990480528522247550e-01
3.033441118974073447e+02 9.962735670490034945e-01
3.034324019153298195e+02 1.008261341019973889e+00
3.035206762059843300e+02 9.968320415336303641e-01
3.036089347684822997e+02 9.976103657178911899e-01
3.036971776019351523e+02 9.987819369155452875e-01
3.037854047054541411e+02 1.002138317369186460e+00
3.038736160781506328e+02 9.972901465583202674e-01
3.039618117191359943e+02 9.991672169808140103e-01
3.040499916275216492e+02 1.003307245042997398e+00
3.041381558024187939e+02 1.003418250608574924e+00
3.042263042429390225e+02 9.987386561587260347e-01
3.043144369481934746e+02 9.975929205379709952e-01
3.044025539172936305e+02 1.006266565062575946e+00
3.044906551493508005e+02 9.961808949433186289e-01
3.045787406434763511e+02 9.922795351011161058e-01
3.046668103987817062e+02 1.002369698852507263e+00
3.047548644143780621e+02 1.001472891613242933e+00
3.048429026893770128e+02 1.003198268690947748e+00
3.049309252228896980e+02 9.987533673486026498e-01
3.050189320140275413e+02 9.982869448626817688e-01
3.051069230619019663e+02 9.991483913433424346e-01
3.051948983656242831e+02 1.003915376470092768e+00
3.052828579243058584e+02 9.961407860296995764e-01
3.053708017370580023e+02 1.003130599622584773e+00
3.054587298029921385e+02 9.967527253263828158e-01
3.055466421212196337e+02 1.002013468324044920e+00
3.056345386908517980e+02 9.994792840317091587e-01
3.057224195109999982e+02 1.002403854698478147e+00
3.058102845807756012e+02 9.993227596244256272e-01
3.058981338992898600e+02 9.972507977776280397e-01
3.059859674656543689e+02 1.004234363741053127e+00
3.060737852789803242e+02 1.000329052041033506e+00
3.061615873383791495e+02 9.977781421684394081e-01
3.062493736429620412e+02 1.000660257764876437e+00
3.063371441918405367e+02 9.963475597081020707e-01
3.064248989841260027e+02 1.005248015010176355e+00
3.065126380189296356e+02 9.942605231945867983e-01
3.066003612953629727e+02 1.003165724447275808e+00
3.066880688125372671e+02 1.001392825068071923e+00
3.067757605695639427e+02 9.940646240762481822e-01
3.068634365655541956e+02 1.003280472889890085e+00
3.069510967996195632e+02 1.008521210621071695e+00
3.070387412708714123e+02 9.966312336728616605e-01
3.071263699784209393e+02 9.924654673963524409e-01
3.072139829213795679e+02 1.000807906145992687e+00
3.073015800988587785e+02 1.003338890166002084e+00
3.073891615099697674e+02 9.947892612259168210e-01
3.074767271538240152e+02 1.004744932220452913e+00
3.075642770295327750e+02 9.962839328618052770e-01
3.076518111362074706e+02 1.007161463438595250e+00
3.077393294729594118e+02 1.001150257603412363e+00
3.078268320389000223e+02 9.920286099634156862e-01
3.079143188331406122e+02 9.978614583352279910e-01
3.080017898547926052e+02 1.007013545989722925e+00
3.080892451029671975e+02 1.003895751867548869e+00
3.081766845767759264e+02 9.919672598385695927e-01
3.082641082753300452e+02 1.004480928069400036e+00
3.083515161977409775e+02 1.000908170315727874e+00
3.084389083431200334e+02 9.938754484029539427e-01
3.085262847105785795e+02 9.943500534547600189e-01
3.086136452992279828e+02 1.008267045517366123e+00
3.087009901081796102e+02 1.004302388336668850e+00
3.087883191365448283e+02 9.973597794479517331e-01
3.088756323834350042e+02 9.953618837677375986e-01
3.089629298479613908e+02 1.004234148587599185e+00
3.090502115292354688e+02 1.004041243136120531e+00
3.091374774263686049e+02 9.967432008646880393e-01
3.092247275384719387e+02 9.988195250907476730e-01
3.093119618646571780e+02 9.977048202397987842e-01
3.093991804040354054e+02 1.000392768376438424e+00
3.094863831557179878e+02 1.004528357227438828e+00
3.095735701188164626e+02 1.001183837023306600e+00
3.096607412924421396e+02 9.937826919930015102e-01
3.097478966757062722e+02 1.000420310621115583e+00
3.098350362677201701e+02 9.997403219965619314e-01
3.099221600675954278e+02 1.001938626699664603e+00
3.100092680744432982e+02 1.001084062419408616e+00
3.100963602873749778e+02 9.994832415263990022e-01
3.101834367055020039e+02 1.000754812251342774e+00
3.102704973279357432e+02 9.944846120959841551e-01
3.103575421537875059e+02 1.006536604549718383e+00
3.104445711821684881e+02 9.947018733694703574e-01
3.105315844121903979e+02 1.005224140122531029e+00
3.106185818429643177e+02 1.002433448342257671e+00
3.107055634736016145e+02 9.903234343139546425e-01
3.107925293032137688e+02 1.002420263174928383e+00
3.108794793309121474e+02 1.002060967639522460e+00
3.109664135558080602e+02 1.002061021106088967e+00
3.110533319770127036e+02 9.954760650827743085e-01
3.111402345936377287e+02 1.000747371944302300e+00
3.112271214047942749e+02 1.000675779410813426e+00
3.113139924095937658e+02 1.007143408372810356e+00
3.114008476071476252e+02 9.975524935874120480e-01
3.114876869965671062e+02 9.917576466104951471e-01
3.115745105769636325e+02 1.003112486990086483e+00
3.116613183474485709e+02 1.004706149983823682e+00
3.117481103071332313e+02 9.956985426623207180e-01
3.118348864551289807e+02 9.988825701560153369e-01
3.119216467905471859e+02 1.001476047620649235e+00
3.120083913124992705e+02 1.003134347837074225e+00
3.120951200200964877e+02 9.985776950576947808e-01
3.121818329124502043e+02 1.001599456129296239e+00
3.122685299886718440e+02 9.997619752403956728e-01
3.123552112478727736e+02 1.000106360544951389e+00
3.124418766891642463e+02 9.969507123600550580e-01
3.125285263116576857e+02 1.002062612927980823e+00
3.126151601144645156e+02 1.001217226526958104e+00
3.127017780966960458e+02 9.968760270748464603e-01
3.127883802574634728e+02 9.973971733675301987e-01
3.128749665958783908e+02 1.002904897280187502e+00
3.129615371110521096e+02 1.000255260434866234e+00
3.130480918020958256e+02 1.001705839955300714e+00
3.131346306681211331e+02 9.964403847034289941e-01
3.132211537082392283e+02 1.002817167877726900e+00
3.133076609215614781e+02 1.001730923873503931e+00
3.133941523071992492e+02 9.986463032099192061e-01
3.134806278642640223e+02 9.966148836197649130e-01
3.135670875918669935e+02 9.966085830556641323e-01
3.136535314891195867e+02 1.007790895205204151e+00
3.137399595551331686e+02 1.000643790451529291e+00
3.138263717890191060e+02 9.985731348534955254e-01
3.139127681898887658e+02 9.974933704955931679e-01
3.139991487568533444e+02 9.993400912381743550e-01
3.140855134890244358e+02 1.004278716442007280e+00
3.141718623855132932e+02 9.969846828506302439e-01
3.142581954454312267e+02 9.972075305760378372e-01
3.143445126678896600e+02 1.000951024782600562e+00
3.144308140519999597e+02 1.008903758665043782e+00
3.145170995968734928e+02 9.975520945270505146e-01
3.146033693016215125e+02 9.973151238294871712e-01
3.146896231653554992e+02 9.968488863279109102e-01
3.147758611871867629e+02 9.990915875702968130e-01
3.148620833662265568e+02 9.995361856745834661e-01
3.149482897015864751e+02 1.001484668473408668e+00
3.150344801923777140e+02 1.003607376816964880e+00
3.151206548377116405e+02 1.000552196100772839e+00
3.152068136366995645e+02 9.970178327112645400e-01
3.152929565884530234e+02 1.000318661087585825e+00
3.153790836920832135e+02 9.976465208473970225e-01
3.154651949467014447e+02 1.005139064161572060e+00
3.155512903514193113e+02 9.983567328252650475e-01
3.156373699053480095e+02 9.970475562741238917e-01
3.157234336075988494e+02 1.004604560450415685e+00
3.158094814572833116e+02 9.964447972912303664e-01
3.158955134535127058e+02 1.000380573072290780e+00
3.159815295953983423e+02 1.000432923283381736e+00
3.160675298820516446e+02 1.004787306833601290e+00
3.161535143125839795e+02 1.000162627222031864e+00
3.162394828861067140e+02 9.921099617523989611e-01
3.163254356017310442e+02 9.989287851365680204e-01
3.164113724585685077e+02 1.002247391435950208e+00
3.164972934557304711e+02 1.004778086742516008e+00
3.165831985923280740e+02 9.992835519572356162e-01
3.166690878674729106e+02 9.926912549644908434e-01
3.167549612802763477e+02 1.004929560909112451e+00
3.168408188298495247e+02 1.001335952304378329e+00
3.169266605153039791e+02 9.966400535801945848e-01
3.170124863357510208e+02 1.003608341349826238e+00
3.170982962903019597e+02 1.000156165919426909e+00
3.171840903780681629e+02 9.970081677673541254e-01
3.172698685981611106e+02 1.005188377309152337e+00
3.173556309496920562e+02 9.960240896488219420e-01
3.174413774317723664e+02 9.992156913330569878e-01
3.175271080435134081e+02 1.003157842300935965e+00
3.176128227840265481e+02 9.950927145158476872e-01
3.176985216524230964e+02 1.005496865403848972e+00
3.177842046478144198e+02 9.981561255399811206e-01
3.178698717693119988e+02 9.989923596964560559e-01
3.179555230160270298e+02 9.939340239063240157e-01
3.180411583870709933e+02 1.006286078345743906e+00
3.181267778815550855e+02 1.001708539635282946e+00
3.182123814985909007e+02 9.971308708471120497e-01
3.182979692372896352e+02 1.002104271752027875e+00
3.183835410967626558e+02 1.000370059506737297e+00
3.184690970761212725e+02 9.976675803106133111e-01
3.185546371744770795e+02 1.001634276672865864e+00
3.186401613909411594e+02 1.001697769757993184e+00
3.187256697246249928e+02 1.001020721262424029e+00
3.188111621746399464e+02 9.946431233604529076e-01
3.188966387400973304e+02 9.975581306259214687e-01
3.189820994201085114e+02 1.005007295645206300e+00
3.190675442137849700e+02 1.002349066826658808e+00
3.191529731202379025e+02 9.938928646841554970e-01
3.192383861385786759e+02 1.004627174171587978e+00
3.193237832679187136e+02 1.000996600186118357e+00
3.194091645073693826e+02 9.955353749413765607e-01
3.194945298560420497e+02 1.001517611846677092e+00
3.195798793130480249e+02 1.004240897189541570e+00
3.196652128774986181e+02 1.001822910787334875e+00
3.197505305485053100e+02 9.923514143083203010e-01
3.198358323251793536e+02 9.989812971403826403e-01
3.199211182066321726e+02 1.002386709283732857e+00
3.200063881919751339e+02 9.981964201922602919e-01
3.200916422803194905e+02 1.005248240276275018e+00
3.201768804707767231e+02 1.002789277338261842e+00
3.202621027624581416e+02 9.972463537590899874e-01
3.203473091544751696e+02 9.963664167260289917e-01
3.204324996459389467e+02 1.000623156570487504e+00
3.205176742359611239e+02 1.001155609665716595e+00
3.206028329236528407e+02 1.000922442021714653e+00
3.206879757081255207e+02 9.973914338397894541e-01
3.207731025884905876e+02 9.996076646614974193e-01
3.208582135638594082e+02 9.994983979888040215e-01
3.209433086333431788e+02 1.003169626259117653e+00
3.210283877960533232e+02 9.985294124452016584e-01
3.211134510511013218e+02 1.001908999279563339e+00
3.211984983975984846e+02 9.980099266877872077e-01
3.212835298346559512e+02 1.003521421209874642e+00
3.213685453613853724e+02 1.000333639530105012e+00
3.214535449768980584e+02 9.945199192017535328e-01
3.215385286803052054e+02 9.990241976289564452e-01
3.216234964707182371e+02 1.004362649689492182e+00
3.217084483472486340e+02 9.976927198990689361e-01
3.217933843090075925e+02 9.952079358333622006e-01
3.218783043551065361e+02 9.998224222182241494e-01
3.219632084846568887e+02 1.004624235482002748e+00
3.220480966967699032e+02 1.005172153494780618e+00
3.221329689905570604e+02 1.001787333622120357e+00
3.222178253651294426e+02 9.934993490403859484e-01
3.223026658195987579e+02 9.952441874135535826e-01
3.223874903530762026e+02 1.007226245497909511e+00
3.224722989646730866e+02 1.003897798779773032e+00
3.225570916535008905e+02 9.963135120545023593e-01
3.226418684186708106e+02 9.896224016461889761e-01
3.227266292592943273e+02 1.005010550492091204e+00
3.228113741744828076e+02 1.004089191549133675e+00
3.228961031633475613e+02 9.949420061175985319e-01
3.229808162249999555e+02 1.004178105673087407e+00
3.230655133585513568e+02 1.000900606892869638e+00
3.231501945631131321e+02 9.991353024341969036e-01
3.232348598377966482e+02 9.983830213539661713e-01
3.233195091817131015e+02 1.002289938174450556e+00
3.234041425939741430e+02 1.003160702644999125e+00
3.234887600736909121e+02 9.960357459056039531e-01
3.235733616199747757e+02 9.967512735939640933e-01
3.236579472319372144e+02 1.000174913854095182e+00
3.237425169086894812e+02 1.008296352836838938e+00
3.238270706493429998e+02 9.976920884780471344e-01
3.239116084530090802e+02 9.942288394152988262e-01
3.239961303187990893e+02 1.000740515160474908e+00
3.240806362458243939e+02 1.001865487827070966e+00
3.241651262331963608e+02 1.004198261410542470e+00
3.242496002800263568e+02 9.956075697017514603e-01
3.243340583854256920e+02 9.976622008759968852e-01
3.244185005485058468e+02 1.004197292286193255e+00
3.245029267683779608e+02 9.935296496807541899e-01
3.245873370441535712e+02 1.002610397368125517e+00
3.246717313749439882e+02 1.003841268331068237e+00
3.247561097598605784e+02 9.986651679773368429e-01
3.248404721980146519e+02 1.001156472221099047e+00
3.249248186885176324e+02 1.002052805495600829e+00
3.250091492304808298e+02 9.931758419384776326e-01
3.250934638230155542e+02 1.000577735148083347e+00
3.251777624652333429e+02 1.002291407489312336e+00
3.252620451562453923e+02 9.989711619563518274e-01
3.253463118951631259e+02 1.000311796280097143e+00
3.254305626810978538e+02 9.991630773520332465e-01
3.255147975131609996e+02 1.003029487630803018e+00
3.255990163904638734e+02 9.982682564649369983e-01
3.256832193121178420e+02 1.000526650167645304e+00
3.257674062772342154e+02 1.002204527807991408e+00
3.258515772849244172e+02 1.003354563526856369e+00
3.259357323342998143e+02 9.945814297086258415e-01
3.260198714244717735e+02 9.970677490750272653e-01
3.261039945545516048e+02 1.002283887582041233e+00
3.261881017236506750e+02 1.000996689828649977e+00
3.262721929308803510e+02 1.000075324162691848e+00
3.263562681753519996e+02 9.997615525672205461e-01
3.264403274561768740e+02 1.000959793263140885e+00
3.265243707724665683e+02 9.982378086488409297e-01
3.266083981233322220e+02 1.001747059625563541e+00
3.266924095078853156e+02 9.949674112969483231e-01
3.267764049252371024e+02 1.001599081662975621e+00
3.268603843744990627e+02 1.002388376668085668e+00
3.269443478547824498e+02 9.993995061308990069e-01
3.270282953651985736e+02 1.000026717624106887e+00
3.271122269048590283e+02 1.002545909327232865e+00
3.271961424728749535e+02 9.992638744460583533e-01
3.272800420683578295e+02 9.986917525084325620e-01
3.273639256904189097e+02 1.003167070998658650e+00
3.274477933381696744e+02 9.999104347035149276e-01
3.275316450107213200e+02 9.966804301227594198e-01
3.276154807071853270e+02 9.974873406193963676e-01
3.276993004266730622e+02 9.983360214539160893e-01
3.277831041682958357e+02 1.004287429209705262e+00
3.278668919311650143e+02 9.998232367221917549e-01
3.279506637143919079e+02 1.001254196293544840e+00
3.280344195170879402e+02 9.979237553828125273e-01
3.281181593383645350e+02 1.001997044039956153e+00
3.282018831773328884e+02 1.001259882182636396e+00
3.282855910331044811e+02 9.963831945133290180e-01
3.283692829047906230e+02 9.996774422438916563e-01
3.284529587915026809e+02 1.000057663390625295e+00
3.285366186923519081e+02 1.004393270599512666e+00
3.286202626064498418e+02 1.000031407761927893e+00
3.287038905329077920e+02 9.997528394876623592e-01
3.287875024708370120e+02 9.961088218212245105e-01
3.288710984193489821e+02 9.993512769310033406e-01
3.289546783775550693e+02 1.004559783795174521e+00
3.290382423445664131e+02 9.966027751203311302e-01
3.291217903194946643e+02 9.989157087677661417e-01
3.292053223014510195e+02 1.001989950402864205e+00
3.292888382895468453e+02 1.001005577921056489e+00
3.293723382828935087e+02 9.956480580223078247e-01
3.294558222806024901e+02 1.002265860130592268e+00
3.295392902817849290e+02 1.002160195989606484e+00
3.296227422855523059e+02 9.967950761765443923e-01
3.297061782910159877e+02 1.003832143081860861e+00
3.297895982972872844e+02 9.967115508184257733e-01
3.298730023034776195e+02 9.981102442708136291e-01
3.299563903086983032e+02 1.002556113240908431e+00
3.300397623120606454e+02 1.004731704381473634e+00
3.301231183126761266e+02 9.962751126954322300e-01
3.302064583096559431e+02 9.973089474555976164e-01
3.302897823021116892e+02 1.001923806779728920e+00
3.303730902891544474e+02 9.978292609040980699e-01
3.304563822698957551e+02 1.000967291127255798e+00
3.305396582434469792e+02 1.003345713183985133e+00
3.306229182089194296e+02 9.950075881323214855e-01
3.307061621654244163e+02 1.007052429526908988e+00
3.307893901120732494e+02 9.984857342958848303e-01
3.308726020479775229e+02 9.983093751769537283e-01
3.309557979722483765e+02 9.998610889999801632e-01
3.310389778839971768e+02 1.003071711357965023e+00
3.311221417823354614e+02 9.967178665229076140e-01
3.312052896663744832e+02 9.958963503645428261e-01
3.312884215352255524e+02 1.002461151274838480e+00
3.313715373879999788e+02 1.001320794846990436e+00
3.314546372238092999e+02 9.985619868826499657e-01
3.315377210417647689e+02 1.003742148119755262e+00
3.316207888409776388e+02 9.983851548368835038e-01
3.317038406205595038e+02 9.990514134425541037e-01
3.317868763796216172e+02 9.965369410249965698e-01
3.318698961172752888e+02 1.002462417585820775e+00
3.319528998326318856e+02 1.000916059347765730e+00
3.320358875248028312e+02 1.004732840966294116e+00
3.321188591928994356e+02 9.944517607343230647e-01
3.322018148360329519e+02 1.001787909965973666e+00
3.322847544533149744e+02 9.979742110089783180e-01
3.323676780438566993e+02 9.992001029124478739e-01
3.324505856067694936e+02 1.004648195186612636e+00
3.325334771411647807e+02 9.949337150510362271e-01
3.326163526461538709e+02 1.001783107576211806e+00
3.326992121208480739e+02 1.002446307390316038e+00
3.327820555643588705e+02 9.995346611007009940e-01
3.328648829757975705e+02 9.965410954400893973e-01
3.329476943542754839e+02 1.002878413611655306e+00
3.330304896989039776e+02 9.983172086347602558e-01
3.331132690087944184e+02 1.003442678359160345e+00
3.331960322830582868e+02 9.977622911779208126e-01
3.332787795208067223e+02 9.974166669518569339e-01
3.333615107211512054e+02 1.003670272299008071e+00
3.334442258832031030e+02 1.000733277851237002e+00
3.335269250060737249e+02 1.002345622779592160e+00
3.336096080888744950e+02 9.958212113889691741e-01
3.336922751307167232e+02 9.948736016237365032e-01
3.337749261307117763e+02 1.001702191196852443e+00
3.338575610879709643e+02 1.004317284868882165e+00
3.339401800016057678e+02 1.001940739099926647e+00
3.340227828707274398e+02 9.966956890734697261e-01
3.341053696944473472e+02 9.960360156085592553e-01
3.341879404718768569e+02 1.008281926494160041e+00
3.342704952021273925e+02 9.980583759161989477e-01
3.343530338843102072e+02 9.951943860795322561e-01
3.344355565175367246e+02 1.001834653540537357e+00
3.345180631009182548e+02 1.001920512743533553e+00
3.346005536335662782e+02 9.963843534423317827e-01
3.346830281145920480e+02 1.002050429272943743e+00
3.347654865431068174e+02 1.001260469902840233e+00
3.348479289182221805e+02 9.982074047492770497e-01
3.349303552390493905e+02 1.003741742554396854e+00
3.350127655046996438e+02 9.972390119011890208e-01
3.350951597142846481e+02 9.996484982413244014e-01
3.351775378669154861e+02 9.994762385996391885e-01
3.352598999617035247e+02 9.987596120190459503e-01
3.353422459977602443e+02 1.002603230209681673e+00
3.354245759741969550e+02 9.979748777388700587e-01
3.355068898901250236e+02 1.002829162205496782e+00
3.355891877446557032e+02 9.980628730532565829e-01
3.356714695369005312e+02 9.976639046038852099e-01
3.357537352659707608e+02 1.005732030501818919e+00
3.358359849309777019e+02 9.990609613783589804e-01
3.359182185310328350e+02 9.968828368277962149e-01
3.360004360652474702e+02 1.001203159321558012e+00
3.360826375327329174e+02 9.999348928377472800e-01
3.361648229326006003e+02 1.000199807382340600e+00
3.362469922639618289e+02 9.977872176054713993e-01
3.363291455259280269e+02 1.004570237462405480e+00
3.364112827176104474e+02 9.970674387890301471e-01
3.364934038381205141e+02 9.970276316244721659e-01
3.365755088865695370e+02 1.002859600747997293e+00
3.366575978620689398e+02 1.001078759056579726e+00
3.367396707637300892e+02 9.998357996282936089e-01
3.368217275906642953e+02 1.000262082981790757e+00
3.369037683419829818e+02 9.986594272331678068e-01
3.369857930167973450e+02 9.999044172918158946e-01
3.370678016142189222e+02 9.980659733053437455e-01
3.371497941333589665e+02 1.000574873457007463e+00
3.372317705733288449e+02 1.003674830483832547e+00
3.373137309332400378e+02 1.002194899523542349e+00
3.373956752122037415e+02 9.969833724999956903e-01
3.374776034093314365e+02 9.987273175498281308e-01
3.375595155237343761e+02 9.972049272934324637e-01
3.376414115545239838e+02 1.003195292613640044e+00
3.377232915008115697e+02 1.000994276187808341e+00
3.378051553617085005e+02 1.000164160241107103e+00
3.378870031363262001e+02 1.001300157145312841e+00
3.379688348237759783e+02 9.985585805533894188e-01
3.380506504231692020e+02 9.943857450871831372e-01
3.381324499336172380e+02 1.003550918799978930e+00
3.382142333542313395e+02 1.006404982970755757e+00
3.382960006841231007e+02 9.971819105247260451e-01
3.383777519224036041e+02 9.943300774894415772e-01
3.384594870681843872e+02 1.000043758644115321e+00
3.385412061205767600e+02 1.006775918361885847e+00
3.386229090786920892e+02 9.955634270059982027e-01
3.387045959416416849e+02 9.963728204722689386e-01
3.387862667085369708e+02 1.006970037660197326e+00
3.388679213784892568e+02 1.002369084084841599e+00
3.389495599506099666e+02 9.952389906784395723e-01
3.390311824240104102e+02 9.958340413732094110e-01
3.391127887978019544e+02 1.004448212858756184e+00
3.391943790710959092e+02 9.998745000028318453e-01
3.392759532430036415e+02 1.003333129167301774e+00
3.393575113126365750e+02 9.972787827017411955e-01
3.394390532791059627e+02 9.936586014018190527e-01
3.395205791415233421e+02 1.006556778390722995e+00
3.396020888989999662e+02 1.004387521502934977e+00
3.396835825506472020e+02 9.956510321197074020e-01
3.397650600955763025e+02 9.956079839424405442e-01
3.398465215328988052e+02 1.002621223055130129e+00
3.399279668617259063e+02 9.981299274074956207e-01
3.400093960811690863e+02 1.005373825047588099e+00
3.400908091903396553e+02 9.966008783498075951e-01
3.401722061883490369e+02 9.965304186932205655e-01
3.402535870743084274e+02 1.003491922415168824e+00
3.403349518473293074e+02 1.000209906580006081e+00
3.404163005065229868e+02 1.002183353144048050e+00
3.404976330510008893e+02 9.981345768242736449e-01
3.405789494798742680e+02 9.958136903730914202e-01
3.406602497922546036e+02 1.004337139478278740e+00
3.407415339872532059e+02 1.001499296369550152e+00
3.408228020639813849e+02 9.964807367236921953e-01
3.409040540215505075e+02 9.979579620367865500e-01
3.409852898590719974e+02 1.008470979140098756e+00
3.410665095756571645e+02 9.950062314539561692e-01
3.411477131704173757e+02 1.000969326541176319e+00
3.412289006424639979e+02 9.992796285915418464e-01
3.413100719909083409e+02 9.988733494222992171e-01
3.413912272148618285e+02 1.002134957228016265e+00
3.414723663134357707e+02 1.000464851539183186e+00
3.415534892857416480e+02 9.964814029992447031e-01
3.416345961308905430e+02 1.002884232856989355e+00
3.417156868479941636e+02 1.000008618365683555e+00
3.417967614361635924e+02 9.998393938403148384e-01
3.418778198945103100e+02 9.987179841986039142e-01
3.419588622221457399e+02 9.983242237397097485e-01
3.420398884181809649e+02 1.000670879752408204e+00
3.421208984817276928e+02 1.006709429381220211e+00
3.422018924118969494e+02 9.931788905321282668e-01
3.422828702078004426e+02 1.001292690972247046e+00
3.423638318685492550e+02 1.005221512490449554e+00
3.424447773932548671e+02 9.943052293557567145e-01
3.425257067810286458e+02 9.996580012211991884e-01
3.426066200309817873e+02 9.993545052199704903e-01
3.426875171422258859e+02 9.993207281606614201e-01
3.427683981138720810e+02 1.004746942547959598e+00
3.428492629450319669e+02 9.985259759097758758e-01
3.429301116348167398e+02 1.003437745127211178e+00
3.430109441823377665e+02 9.945803874994649796e-01
3.430917605867064140e+02 1.000429901504878538e+00
3.431725608470341058e+02 9.974700275072755362e-01
3.432533449624321520e+02 1.000198847835371607e+00
3.433341129320118057e+02 1.004109605475152822e+00
3.434148647548846043e+02 9.996246054220637722e-01
3.434956004301618577e+02 9.995513014278905040e-01
3.435763199569548760e+02 9.994172029318858508e-01
3.436570233343749692e+02 9.990788361988015565e-01
3.437377105615336177e+02 1.005508096348550540e+00
3.438183816375421316e+02 9.963224226753177870e-01
3.438990365615118208e+02 9.971258494225346825e-01
3.439796753325541658e+02 9.994406035110837694e-01
3.440602979497803631e+02 1.005130557634586141e+00
3.441409044123018930e+02 9.977786311498333394e-01
3.442214947192300087e+02 9.998517919399380061e-01
3.443020688696761908e+02 1.001068688116933947e+00
3.443826268627517493e+02 9.985680339518496762e-01
3.444631686975679941e+02 1.000143246207580994e+00
3.445436943732362920e+02 1.001071340915842711e+00
3.446242038888681236e+02 9.995052799967896195e-01
3.447046972435746852e+02 1.000133029619240554e+00
3.447851744364674005e+02 9.980244300587913786e-01
3.448656354666575794e+02 1.002566759663233498e+00
3.449460803332567025e+02 1.002009471637939964e+00
3.450265090353760229e+02 9.938985482298527963e-01
3.451069215721269643e+02 1.001426488628137434e+00
3.451873179426208367e+02 1.004290303700013709e+00
3.452676981459690069e+02 9.985505819572929598e-01
3.453480621812827849e+02 1.000935563581379029e+00
3.454284100476736512e+02 9.978208836957239702e-01
3.455087417442528590e+02 9.978835698848999014e-01
3.455890572701318320e+02 1.000616119077210042e+00
3.456693566244218800e+02 1.004419960361052189e+00
3.457496398062343701e+02 9.941000702877205164e-01
3.458299068146806121e+02 1.000367639750374460e+00
3.459101576488721435e+02 1.002913202227945000e+00
3.459903923079201036e+02 1.002449100595070641e+00
3.460706107909359162e+02 1.000702477478841779e+00
3.461508130970310617e+02 9.944395948211421921e-01
3.462309992253167934e+02 9.978268313620476393e-01
3.463111691749044780e+02 1.005360156269672123e+00
3.463913229449054256e+02 1.000301948243525585e+00
3.464714605344311167e+02 9.982799999622147258e-01
3.465515819425928044e+02 1.002056176478017369e+00
3.466316871685018555e+02 1.000179954427489859e+00
3.467117762112696369e+02 9.959828358600900655e-01
3.467918490700076291e+02 1.001293002778389285e+00
3.468719057438269715e+02 1.003347700881652038e+00
3.469519462318392016e+02 9.980708241272951975e-01
3.470319705331555724e+02 9.983693083426011805e-01
3.471119786468875077e+02 9.988859610653455512e-01
3.471919705721463174e+02 1.002726948931013551e+00
3.472719463080433115e+02 9.980466112010452084e-01
3.473519058536900843e+02 9.982954295128968480e-01
3.474318492081977183e+02 1.003380682098010235e+00
3.475117763706776373e+02 1.001237703232812137e+00
3.475916873402413216e+02 9.989175559354968037e-01
3.476715821159999678e+02 1.000012039988310786e+00
3.477514606970650561e+02 1.002531974616245547e+00
3.478313230825478968e+02 1.001402399317533165e+00
3.479111692715599133e+02 9.970157570675532988e-01
3.479909992632124158e+02 9.981018772956182783e-01
3.480708130566166005e+02 1.001865088692801553e+00
3.481506106508840617e+02 1.001534033774833965e+00
3.482303920451260524e+02 9.965710765640540814e-01
3.483101572384539963e+02 9.989081090734651669e-01
3.483899062299791467e+02 9.990919622596891037e-01
3.484696390188130408e+02 1.005726725151238732e+00
3.485493556040667613e+02 9.993832561100266521e-01
3.486290559848519024e+02 9.956832346848882853e-01
3.487087401602797172e+02 1.003352970429195468e+00
3.487884081294615157e+02 9.988510010040999587e-01
3.488680598915088353e+02 9.975526144290289832e-01
3.489476954455329292e+02 9.978538273419448323e-01
3.490273147906451072e+02 1.004225341259828319e+00
3.491069179259567363e+02 1.003376364642701413e+00
3.491865048505792970e+02 9.993792720406414753e-01
3.492660755636239855e+02 9.964665264238062869e-01
3.493456300642022256e+02 1.002433292788565522e+00
3.494251683514254410e+02 1.000792708416591070e+00
3.495046904244049415e+02 9.986511766160875991e-01
3.495841962822520372e+02 9.960855487125306329e-01
3.496636859240780950e+02 1.004674308730175269e+00
3.497431593489945385e+02 9.989989852085693345e-01
3.498226165561127345e+02 9.992675280528749981e-01
3.499020575445439363e+02 9.982309414676822090e-01
3.499814823133995674e+02 9.981451579524034390e-01
3.500608908617909947e+02 1.005439624397890253e+00
3.501402831888295850e+02 9.974977871387138428e-01
3.502196592936265915e+02 9.990617111565084363e-01
3.502990191752935516e+02 9.990292153549381604e-01
3.503783628329417184e+02 1.004735651089744497e+00
3.504576902656823449e+02 9.986496988745814374e-01
3.505370014726269687e+02 9.995609143852917100e-01
3.506162964528869566e+02 1.000289750912052966e+00
3.506955752055735047e+02 9.979236762157307483e-01
3.507748377297980369e+02 1.000196954444366737e+00
3.508540840246719767e+02 1.005246489262834109e+00
3.509333140893065774e+02 9.965268407459770827e-01
3.510125279228133195e+02 9.988438413722239284e-01
3.510917255243035697e+02 9.991397630848174449e-01
3.511709068928885245e+02 1.000540520822406965e+00
3.512500720276796073e+02 1.002669801239643999e+00
3.513292209277882421e+02 9.994505023584299153e-01
3.514083535923256818e+02 9.988097014605727963e-01
3.514874700204034070e+02 9.988680793498293520e-01
3.515665702111327278e+02 9.990963562965561318e-01
3.516456541636250108e+02 1.003946753685825533e+00
3.517247218769915094e+02 9.992987189070672294e-01
3.518037733503437607e+02 9.960451580951086292e-01
3.518828085827929044e+02 1.003673478409071285e+00
3.519618275734505914e+02 9.959577139793754919e-01
3.520408303214277908e+02 1.007674161086626885e+00
3.521198168258362671e+02 1.000423970149555863e+00
3.521987870857871599e+02 9.917317917622853196e-01
3.522777411003917791e+02 1.003077424852135691e+00
3.523566788687616054e+02 1.005008493332053554e+00
3.524356003900079486e+02 9.994811661936714442e-01
3.525145056632422325e+02 9.938504389610773870e-01
3.525933946875757101e+02 1.000717007607917486e+00
3.526722674621197484e+02 1.002708133418124259e+00
3.527511239859857710e+02 9.979935334418656989e-01
3.528299642582850879e+02 9.978873367593453780e-01
3.529087882781291228e+02 1.000839541542727362e+00
3.529875960446291288e+02 1.005292166794010456e+00
3.530663875568965864e+02 9.960061830747789502e-01
3.531451628140426919e+02 9.968890016077203153e-01
3.532239218151789828e+02 1.005926140118369450e+00
3.533026645594167121e+02 9.972639672521363963e-01
3.533813910458672467e+02 1.004011169443868035e+00
3.534601012736419534e+02 9.953740467662745006e-01
3.535387952418521991e+02 9.990864396095610056e-01
3.536174729496093505e+02 1.002492803401227039e+00
3.536961343960247177e+02 9.995768798063036087e-01
3.537747795802097812e+02 9.988323518224996311e-01
3.538534085012757373e+02 1.003180630366559578e+00
3.539320211583340097e+02 9.992400914916642618e-01
3.540106175504959651e+02 9.958623079991587579e-01
3.540891976768730274e+02 1.006528918825675190e+00
3.541677615365763359e+02 9.983968327794091602e-01
3.542463091287175416e+02 9.971861481331122379e-01
3.543248404524078410e+02 9.983467304402332543e-01
3.544033555067586008e+02 1.003535873253447175e+00
3.544818542908812447e+02 1.000727301945815384e+00
3.545603368038869689e+02 9.982890556276464711e-01
3.546388030448873110e+02 1.000718312531286402e+00
3.547172530129934671e+02 9.980745013930032439e-01
3.547956867073169747e+02 1.001130590814751864e+00
3.548741041269690868e+02 1.000191422299610000e+00
3.549525052710611703e+02 1.002560980696996173e+00
3.550308901387045921e+02 9.959958826385560959e-01
3.551092587290107190e+02 9.980708137115035239e-01
3.551876110410908609e+02 1.003000676247827849e+00
3.552659470740563847e+02 1.002283770548444863e+00
3.553442668270187710e+02 9.969786988058934041e-01
3.554225702990892728e+02 1.002584381114640877e+00
3.555008574893792002e+02 1.000076533084009345e+00
3.555791283969999768e+02 9.983469561957136751e-01
3.556573830210629694e+02 9.983913678448117501e-01
3.557356213606795450e+02 9.989778378195304231e-01
3.558138434149609566e+02 1.005383039100562037e+00
3.558920491830187416e+02 9.973396343905016614e-01
3.559702386639640963e+02 1.000091442533616037e+00
3.560484118569085012e+02 1.001917410618676119e+00
3.561265687609631527e+02 9.977771496740134305e-01
3.562047093752395881e+02 9.975881151686941672e-01
3.562828336988491174e+02 9.983901844666495107e-01
3.563609417309029368e+02 1.005662120251312741e+00
3.564390334705126406e+02 1.001758071408586304e+00
3.565171089167894820e+02 9.967020949627304338e-01
3.565951680688448278e+02 9.988435114185266750e-01
3.566732109257899879e+02 1.003718693011601548e+00
3.567512374867363860e+02 9.967703897408353164e-01
3.568292477507953322e+02 9.994373895671134767e-01
3.569072417170781364e+02 1.000710888501671558e+00
3.569852193846963360e+02 1.001432124252662037e+00
3.570631807527611841e+02 9.963916961663220606e-01
3.571411258203839907e+02 1.003355530959658015e+00
3.572190545866761795e+02 1.000242834352130128e+00
3.572969670507490605e+02 1.000798925631673830e+00
3.573748632117139437e+02 9.966304838143422717e-01
3.574527430686823664e+02 1.005015386475634598e+00
3.575306066207655817e+02 9.982410571459533477e-01
3.576084538670749566e+02 9.986333780784230063e-01
3.576862848067218010e+02 9.984870898376189130e-01
3.577640994388175386e+02 1.003900772582308587e+00
3.578418977624734794e+02 9.976958055195828123e-01
3.579196797768009333e+02 9.990446569300516222e-01
3.579974454809113809e+02 9.987408035459051092e-01
3.580751948739161890e+02 1.002216734873138559e+00
3.581529279549266107e+02 9.990633691475105937e-01
3.582306447230540130e+02 1.000939445281389562e+00
3.583083451774098762e+02 1.002347186654402034e+00
3.583860293171054536e+02 9.962428031939758455e-01
3.584636971412519983e+02 1.003363056376392004e+00
3.585413486489610477e+02 9.984612699697602567e-01
3.586189838393439686e+02 9.983009695954312424e-01
3.586966027115120141e+02 1.002642636490288064e+00
3.587742052645764943e+02 1.001736036202060864e+00
3.588517914976489465e+02 9.974399053532448933e-01
3.589293614098406238e+02 9.968075613267138868e-01
3.590069150002628930e+02 1.000711000840206477e+00
3.590844522680271211e+02 9.985137197066675796e-01
3.591619732122446749e+02 1.003157417910232940e+00
3.592394778320268642e+02 1.001669435078423431e+00
3.593169661264850561e+02 9.988240307239046878e-01
3.593944380947306172e+02 9.986700870222524618e-01
3.594718937358749713e+02 1.001174494159158712e+00
3.595493330490294284e+02 1.000727632842441484e+00
3.596267560333053552e+02 9.970720513649339312e-01
3.597041626878140619e+02 1.000825572437303856e+00
3.597815530116669720e+02 9.988747151012001835e-01
3.598589270039753387e+02 1.005660153823203729e+00
3.599362846638506994e+02 9.973945687244171188e-01
3.600136259904042504e+02 1.000587025818699294e+00
3.600909509827473585e+02 1.001035562778529453e+00
3.601682596399915042e+02 9.955827528662539727e-01
3.602455519612479975e+02 9.989583320476481676e-01
3.603228279456281484e+02 1.002595248927909077e+00
3.604000875922432670e+02 9.999774955694170631e-01
3.604773309002048336e+02 1.002820163094340966e+00
3.605545578686241583e+02 9.988514971545521259e-01
3.606317684966126080e+02 9.980031814556745706e-01
3.607089627832815495e+02 1.000496334856951997e+00
3.607861407277422359e+02 9.980182504281301936e-01
3.608633023291061477e+02 1.001450839895443812e+00
3.609404475864845949e+02 1.006945088804153565e+00
3.610175764989890013e+02 9.942846975158157186e-01
3.610946890657305630e+02 9.957859058179278078e-01
3.611717852858208175e+02 1.001688526207936247e+00
3.612488651583710748e+02 1.005062433266089128e+00
3.613259286824926448e+02 9.977612226519062544e-01
3.614029758572968376e+02 9.981899458340864895e-01
3.614800066818951905e+02 1.003294480917323650e+00
3.615570211553988997e+02 9.964324728732850689e-01
3.616340192769193322e+02 1.000528856691134116e+00
3.617110010455679117e+02 1.002265763474818216e+00
3.617879664604560048e+02 9.993482085100996448e-01
3.618649155206949217e+02 9.993208908017711112e-01
3.619418482253959723e+02 1.000838856789114439e+00
3.620187645736706941e+02 9.997541672748110342e-01
3.620956645646302832e+02 9.975831329508711987e-01
3.621725481973861065e+02 1.000104075399506076e+00
3.622494154710495877e+02 1.002931133395962293e+00
3.623262663847320368e+02 9.975248717433435885e-01
3.624031009375449344e+02 1.000806908239822324e+00
3.624799191285993629e+02 9.990289915224113138e-01
3.625567209570069735e+02 1.001683696775585330e+00
3.626335064218790194e+02 9.998527814118585155e-01
3.627102755223267536e+02 9.953147021816221018e-01
3.627870282574616567e+02 1.005889075716948744e+00
3.628637646263950955e+02 9.984296723347750868e-01
3.629404846282383801e+02 1.001683076047274801e+00
3.630171882621028203e+02 1.002479721805287438e+00
3.630938755270998968e+02 9.958957010728857195e-01
3.631705464223408057e+02 1.000347919751469306e+00
3.632472009469370846e+02 1.001810304666222562e+00
3.633238390999999865e+02 9.962930879127073203e-01
3.634004608806408783e+02 9.979180352807878185e-01
3.634770662879711836e+02 1.004591635011150341e+00
3.635536553211020987e+02 1.001523249514103986e+00
3.636302279791451610e+02 9.981412421682124281e-01
3.637067842612115669e+02 9.982640743032507036e-01
3.637833241664128536e+02 9.994610232269969252e-01
3.638598476938602744e+02 1.004290349539661564e+00
3.639363548426651960e+02 9.984326102032099470e-01
3.640128456119389853e+02 9.977256221942085723e-01
3.640893200007930091e+02 1.001109860900681880e+00
3.641657780083385774e+02 9.987627844369562080e-01
3.642422196336870570e+02 1.000526293276460921e+00
3.643186448759498717e+02 9.994365305852471737e-01
3.643950537342383882e+02 1.002774300521587225e+00
3.644714462076639165e+02 1.003573556349048657e+00
3.645478222953377099e+02 9.951326425765311123e-01
3.646241819963712487e+02 9.975049303764440545e-01
3.647005253098759567e+02 9.996628320204857809e-01
3.647768522349630302e+02 1.005910314256589277e+00
3.648531627707439497e+02 9.985871918240617484e-01
3.649294569163300253e+02 9.945661966046628333e-01
3.650057346708326804e+02 1.002557915741181027e+00
3.650819960333631116e+02 1.002623544726904514e+00
3.651582410030328560e+02 1.000570668180498224e+00
3.652344695789531102e+02 9.967283062627450008e-01
3.653106817602353544e+02 1.002684206767296082e+00
3.653868775459908989e+02 9.961425927035846284e-01
3.654630569353311671e+02 9.976660775772332457e-01
3.655392199273674123e+02 1.004982836223110132e+00
3.656153665212109445e+02 1.004141406005102155e+00
3.656914967159733578e+02 9.939283215115948256e-01
3.657676105107658486e+02 9.978035876041648766e-01
3.658437079046997269e+02 1.003241762919250712e+00
3.659197888968864731e+02 9.990937104906937316e-01
3.659958534864373405e+02 1.002123666063169827e+00
3.660719016724638095e+02 1.001619160837919686e+00
3.661479334540770765e+02 9.977342191506340940e-01
3.662239488303886787e+02 9.984622801407047055e-01
3.662999478005098126e+02 1.003294085882513453e+00
3.663759303635519586e+02 9.982045302086115512e-01
3.664518965186264268e+02 9.989823395992669663e-01
3.665278462648445839e+02 1.001045875160638809e+00
3.666037796013177399e+02 1.002462756753931483e+00
3.666796965271573185e+02 9.971365828305744916e-01
3.667555970414746298e+02 9.968690091285924426e-01
3.668314811433809837e+02 9.982070596891486902e-01
3.669073488319878606e+02 1.002693202214834045e+00
3.669832001064066276e+02 9.957142183586183970e-01
3.670590349657485376e+02 1.004435182210570821e+00
3.671348534091250144e+02 1.002479271257544102e+00
3.672106554356473112e+02 9.951949036221220402e-01
3.672864410444269652e+02 1.004584506842508329e+00
3.673622102345751159e+02 1.006237013441940498e+00
3.674379630052033008e+02 9.975606851503079353e-01
3.675136993554228297e+02 1.000338098890601879e+00
3.675894192843450696e+02 1.000866951691035123e+00
3.676651227910812736e+02 9.995709535034777993e-01
3.677408098747430358e+02 1.000908580746070919e+00
3.678164805344414390e+02 9.959048504497011178e-01
3.678921347692879635e+02 1.001199408014690873e+00
3.679677725783939763e+02 9.979992124757142147e-01
3.680433939608709011e+02 1.001663627736061324e+00
3.681189989158299340e+02 9.973646466702846825e-01
3.681945874423825558e+02 9.994992760994879655e-01
3.682701595396401331e+02 1.001739632657160151e+00
3.683457152067139759e+02 9.988062414226207553e-01
3.684212544427152807e+02 1.001374129669053481e+00
3.684967772467557552e+02 9.979963050679622194e-01
3.685722836179465389e+02 9.993184298378142705e-01
3.686477735553989987e+02 9.987207357193167434e-01
3.687232470582245014e+02 1.003037629671092112e+00
3.687987041255344138e+02 9.916497588923844919e-01
3.688741447564401597e+02 1.004110918693756904e+00
3.689495689500529920e+02 1.001506882607963167e+00
3.690249767054843346e+02 1.004163293566399551e+00
3.691003680218455543e+02 9.986186840462257797e-01
3.691757428982479610e+02 1.002943951083753005e+00
3.692511013338029215e+02 1.003415859395481391e+00
3.693264433276218028e+02 1.000359379226168244e+00
3.694017688788159717e+02 9.994859735749976881e-01
3.694770779864967949e+02 9.976564681828066217e-01
3.695523706497756393e+02 9.974822191524528314e-01
3.696276468677637581e+02 1.000819061573787749e+00
3.697029066395726318e+02 1.000498792675178716e+00
3.697781499643135703e+02 9.980150448493670945e-01
3.698533768410979974e+02 9.971843552009128642e-01
3.699285872690371662e+02 1.000659394402769520e+00
3.700037812472424434e+02 9.986169938511069155e-01
3.700789587748253098e+02 1.000890733352073347e+00
3.701541198508970183e+02 1.003836279101577578e+00
3.702292644745688790e+02 1.000567522986114621e+00
3.703043926449523724e+02 9.997296720081724208e-01
3.703795043611588085e+02 9.974240076181328796e-01
3.704545996222994404e+02 1.001350951055286931e+00
3.705296784274858055e+02 9.990434639585631382e-01
3.706047407758292707e+02 9.980978799032633741e-01
3.706797866664409753e+02 1.001766270055574726e+00
3.707548160984323999e+02 9.999017374745510223e-01
3.708298290709149683e+02 9.999534813921335807e-01
3.709048255829999903e+02 1.000097214657195810e+00
3.709798056337987191e+02 1.000626722892899112e+00
3.710547692224227490e+02 1.001217770514863270e+00
3.711297163479832193e+02 9.992467592540222876e-01
3.712046470095915538e+02 9.967708751672834655e-01
3.712795612063591193e+02 1.002237781852691079e+00
3.713544589373972258e+02 9.985706931561887378e-01
3.714293402018174106e+02 1.000813492399361015e+00
3.715042049987307564e+02 9.978062949913382162e-01
3.715790533272488574e+02 1.000603447493497944e+00
3.716538851864829667e+02 1.004068837699059857e+00
3.717287005755445080e+02 1.000987385557379872e+00
3.718034994935446775e+02 9.980058428430295114e-01
3.718782819395949559e+02 9.992494567031511288e-01
3.719530479128068237e+02 1.001959858572408102e+00
3.720277974122913633e+02 9.974523081992525686e-01
3.721025304371601123e+02 1.003173941157011306e+00
3.721772469865243806e+02 1.000565868609206266e+00
3.722519470594955919e+02 9.951428548128422591e-01
3.723266306551849993e+02 9.961786895160549271e-01
3.724012977727039697e+02 1.005290804006500949e+00
3.724759484111639267e+02 1.002169984785191481e+00
3.725505825696762372e+02 1.000613521154406271e+00
3.726252002473522111e+02 9.934724544958999370e-01
3.726998014433032154e+02 1.004242308214804869e+00
3.727743861566406736e+02 1.000899811178303400e+00
3.728489543864757820e+02 9.949819771974244276e-01
3.729235061319199644e+02 1.003900025352410408e+00
3.729980413920847013e+02 1.003303882141409975e+00
3.730725601660811890e+02 9.935455714874433797e-01
3.731470624530209648e+02 1.001180313409013589e+00
3.732215482520152818e+02 1.002552492797477379e+00
3.732960175621753365e+02 1.000588676553771927e+00
3.733704703826128366e+02 1.000843826494744127e+00
3.734449067124388648e+02 9.949385177178546869e-01
3.735193265507647880e+02 1.000928966819346622e+00
3.735937298967021434e+02 1.000738321077532689e+00
3.736681167493622411e+02 1.001105157063282514e+00
3.737424871078563342e+02 1.003290988536639228e+00
3.738168409712957327e+02 9.953119334702664744e-01
3.738911783387919741e+02 1.001362278506015668e+00
3.739654992094563681e+02 1.000386150068854674e+00
3.740398035824001113e+02 1.002178558631960925e+00
3.741140914567348545e+02 9.969310396564030619e-01
3.741883628315716805e+02 1.000537042293095702e+00
3.742626177060221266e+02 9.981712591535012447e-01
3.743368560791974460e+02 1.001674788062176358e+00
3.744110779502090054e+02 9.979267282464475697e-01
3.744852833181682286e+02 1.000080285675807756e+00
3.745594721821864255e+02 1.001737546451694882e+00
3.746336445413749630e+02 1.000229508263331901e+00
3.747078003948452647e+02 9.997959117708793420e-01
3.747819397417085838e+02 1.000308744732867794e+00
3.748560625810762303e+02 9.962825905328002163e-01
3.749301689120597416e+02 9.999621329173512541e-01
3.750042587337703139e+02 1.000171710827919114e+00
3.750783320453194278e+02 1.002247901124352136e+00
3.751523888458184501e+02 9.987872796089267702e-01
3.752264291343785771e+02 9.971620646423687839e-01
3.753004529101113462e+02 1.004741276245611603e+00
3.753744601721280105e+02 1.000066062008452938e+00
3.754484509195399369e+02 1.003904180627509080e+00
3.755224251514584353e+02 9.984182103724051904e-01
3.755963828669949862e+02 9.987392853790016956e-01
3.756703240652609566e+02 1.005350005266747448e+00
3.757442487453676563e+02 9.986338927210214322e-01
3.758181569064263385e+02 9.988163947740240634e-01
3.758920485475484270e+02 9.957434011803411034e-01
3.759659236678453453e+02 1.002054223958091406e+00
3.760397822664284035e+02 1.000243347161845042e+00
3.761136243424089685e+02 9.977215937860239858e-01
3.761874498948984069e+02 1.001238183305369400e+00
3.762612589230080857e+02 9.998260237664912120e-01
3.763350514258492581e+02 1.000125792993193707e+00
3.764088274025334044e+02 9.964238107333216465e-01
3.764825868521718348e+02 1.002691243402394905e+00
3.765563297738759161e+02 9.988961472731944236e-01
3.766300561667570719e+02 1.001641496202577697e+00
3.767037660299265553e+02 9.990659913534263303e-01
3.767774593624957333e+02 9.973422941110779982e-01
3.768511361635759727e+02 1.003463125239480114e+00
3.769247964322786970e+02 1.000139905093651027e+00
3.769984401677152164e+02 9.977846481642225207e-01
3.770720673689968407e+02 1.000656823313922583e+00
3.771456780352350506e+02 1.001448983136398185e+00
3.772192721655411560e+02 1.000127445539953142e+00
3.772928497590264101e+02 1.002467530090288772e+00
3.773664108148022365e+02 9.968622973760179473e-01
3.774399553319800589e+02 9.997226483068883951e-01
3.775134833096711873e+02 1.001075071437785846e+00
3.775869947469869885e+02 9.986648929297055055e-01
3.776604896430387726e+02 9.975333635865502036e-01
3.777339679969379631e+02 9.956906971266080708e-01
3.778074298077959270e+02 1.005394475065244153e+00
3.778808750747239174e+02 1.000720782781665763e+00
3.779543037968333579e+02 9.992088164252275195e-01
3.780277159732356154e+02 9.988598609906443881e-01
3.781011116030419998e+02 1.001830063638247781e+00
3.781744906853640487e+02 1.002975919283879636e+00
3.782478532193129013e+02 1.002009753907914691e+00
3.783211992040000382e+02 9.960055520339767821e-01
3.783945286385366558e+02 9.995689806665831734e-01
3.784678415220343481e+02 9.942404598960327133e-01
3.785411378536042548e+02 1.000067986158317934e+00
3.786144176323579131e+02 9.992416947524135340e-01
3.786876808574065763e+02 1.003621850529510917e+00
3.787609275278616678e+02 9.991531080878798265e-01
3.788341576428344979e+02 9.945379150058927253e-01
3.789073712014363764e+02 9.986792988211049549e-01
3.789805682027787839e+02 1.010680091652182533e+00
3.790537486459729166e+02 1.001788671137053388e+00
3.791269125301303689e+02 1.003479664353142287e+00
3.792000598543622800e+02 9.991626632684991183e-01
3.792731906177801307e+02 1.004745901793850926e+00
3.793463048194951739e+02 1.001573634176573968e+00
3.794194024586188903e+02 9.973789813921403180e-01
3.794924835342625329e+02 9.979059070558651268e-01
3.795655480455374686e+02 1.000482238815792346e+00
3.796385959915551211e+02 9.964393843595052980e-01
3.797116273714268573e+02 9.954330534787136919e-01
3.797846421842639870e+02 1.004348189323172491e+00
3.798576404291778204e+02 1.002584597087842422e+00
3.799306221052798378e+02 9.954140955159038739e-01
3.800035872116812925e+02 9.958734034654809220e-01
3.800765357474935513e+02 9.997567370778128737e-01
3.801494677118280947e+02 9.989856542614065082e-01
3.802223831037961759e+02 9.978761017640972453e-01
3.802952819225091048e+02 1.001709813736068266e+00
3.803681641670783051e+02 1.001742714176214966e+00
3.804410298366151437e+02 1.006859801829331547e+00
3.805138789302310443e+02 1.000316026295223093e+00
3.805867114470370893e+02 9.993903282690892453e-01
3.806595273861449868e+02 1.003441076150084710e+00
3.807323267466659331e+02 1.001675392572527690e+00
3.808051095277112950e+02 9.968637476161910094e-01
3.808778757283923824e+02 9.951773475942264913e-01
3.809506253478205622e+02 1.005831755864822874e+00
3.810233583851073149e+02 9.974730726693664673e-01
3.810960748393638937e+02 9.986542788631960210e-01
3.811687747097016654e+02 9.927829513611483581e-01
3.812414579952319968e+02 1.006207246418876489e+00
3.813141246950662548e+02 9.972692604245059211e-01
3.813867748083157494e+02 1.004731047219882267e+00
3.814594083340919610e+02 9.979979386623818449e-01
3.815320252715060860e+02 9.965060115580778310e-01
3.816046256196696049e+02 9.966896037670602837e-01
3.816772093776938277e+02 1.002918246094330890e+00
3.817497765446901212e+02 1.004080698735766219e+00
3.818223271197699091e+02 9.936124815153374312e-01
3.818948611020443309e+02 1.001143579405629813e+00
3.819673784906250376e+02 1.002455947228337196e+00
3.820398792846231117e+02 9.968887239503467779e-01
3.821123634831501477e+02 1.000694887133071198e+00
3.821848310853173416e+02 1.000320105061984099e+00
3.822572820902361741e+02 1.001219835666053104e+00
3.823297164970178414e+02 1.001501139417356079e+00
3.824021343047738810e+02 1.002745698792228080e+00
3.824745355126155459e+02 1.004060510836482178e+00
3.825469201196542031e+02 9.978083726760333949e-01
3.826192881250012192e+02 9.977882101564379269e-01
3.826916395277680181e+02 1.008432879900199586e+00
3.827639743270658528e+02 9.961969256660231364e-01
3.828362925220060333e+02 9.945619364719079369e-01
3.829085941117001539e+02 1.000471212651188324e+00
3.829808790952593540e+02 9.964636196847646010e-01
3.830531474717950573e+02 9.970085285149439258e-01
3.831253992404186874e+02 1.007465461627538916e+00
3.831976344002415544e+02 9.991017220555001854e-01
3.832698529503750251e+02 9.962422876868891608e-01
3.833420548899302958e+02 1.001392714777449067e+00
3.834142402180189606e+02 1.002355525271633852e+00
3.834864089337523296e+02 9.979148169620988273e-01
3.835585610362415991e+02 9.991215240869237846e-01
3.836306965245983633e+02 9.991029744798304302e-01
3.837028153979338185e+02 9.986281687931605200e-01
3.837749176553593884e+02 1.002377483136023262e+00
3.838470032959863261e+02 9.994336955127206545e-01
3.839190723189261689e+02 1.002045428061163035e+00
3.839911247232900564e+02 1.005665619962073043e+00
3.840631605081895827e+02 9.974365806971042803e-01
3.841351796727359442e+02 9.959404281544359527e-01
3.842071822160406214e+02 1.004240251837292375e+00
3.842791681372148673e+02 9.954369262203607294e-01
3.843511374353699352e+02 1.005192907687026072e+00
3.844230901096174193e+02 9.950752984627185826e-01
3.844950261590685727e+02 9.959423564751754832e-01
3.845669455828347623e+02 1.004688854519850238e+00
3.846388483800273548e+02 1.002291645098921435e+00
3.847107345497576603e+02 9.971498323189434965e-01
3.847826040911370455e+02 9.948924664509214422e-01
3.848544570032769911e+02 1.002508248323421336e+00
3.849262932852886934e+02 1.007659409589892530e+00
3.849981129362835190e+02 1.000651195353861489e+00
3.850699159553729487e+02 9.938735665597456803e-01
3.851417023416682923e+02 1.002122806764334850e+00
3.852134720942808599e+02 9.973544258956136277e-01
3.852852252123220183e+02 9.986479647615125188e-01
3.853569616949031911e+02 1.012053395763387043e+00
3.854286815411356883e+02 9.947298486360491854e-01
3.855003847501307632e+02 9.955423889167775986e-01
3.855720713210000099e+02 1.005786081145584543e+00
3.856437412528545678e+02 9.962303138945672876e-01
3.857153945448059744e+02 1.002582796437808010e+00
3.857870311959654259e+02 9.993297082255716557e-01
3.858586512054443460e+02 9.958964561030545504e-01
3.859302545723541016e+02 1.000568160293027420e+00
3.860018412958060594e+02 9.946465946854183837e-01
3.860734113749115863e+02 1.003429004272607283e+00
3.861449648087819924e+02 1.002701987858000576e+00
3.862165015965287012e+02 9.937148990045956420e-01
3.862880217372629659e+02 1.004180529143501976e+00
3.863595252300962670e+02 9.971044344638765322e-01
3.864310120741398578e+02 1.005664374047920306e+00
3.865024822685052186e+02 9.995501320926331035e-01
3.865739358123036027e+02 9.987035752725481608e-01
3.866453727046463200e+02 9.998639921752563442e-01
3.867167929446449648e+02 1.001988643632761189e+00
3.867881965314105628e+02 1.000565103512160992e+00
3.868595834640547650e+02 9.954848421831326011e-01
3.869309537416887679e+02 1.000521955534710017e+00
3.870023073634239381e+02 9.989724252346768862e-01
3.870736443283717563e+02 9.988609548823534912e-01
3.871449646356434755e+02 1.004722859331701690e+00
3.872162682843504626e+02 9.984403223792772675e-01
3.872875552736039708e+02 1.001788449450019103e+00
3.873588256025156511e+02 1.000334736383802658e+00
3.874300792701965293e+02 9.957298496366989715e-01
3.875013162757581995e+02 9.969252987136976163e-01
3.875725366183119149e+02 1.001757042760448524e+00
3.876437402969690993e+02 1.004089481233827019e+00
3.877149273108409488e+02 9.970826155777403610e-01
3.877860976590390578e+02 1.002866996807235234e+00
3.878572513406745657e+02 9.969884296998688944e-01
3.879283883548589529e+02 9.978137293784500317e-01
3.879995087007036432e+02 1.008577379595064993e+00
3.880706123773198897e+02 9.988859221401475974e-01
3.881416993838190592e+02 9.989046222198210145e-01
3.882127697193124050e+02 9.998435124741391622e-01
3.882838233829115211e+02 1.000770548769021495e+00
3.883548603737275471e+02 9.967689717023833218e-01
3.884258806908719635e+02 9.981062358007853907e-01
3.884968843334560802e+02 1.001613010373640922e+00
3.885678713005913778e+02 9.992243922859369576e-01
3.886388415913890526e+02 1.005701753868508908e+00
3.887097952049604714e+02 1.003948099365943314e+00
3.887807321404171148e+02 9.967303498026631736e-01
3.888516523968702359e+02 1.002909053156990637e+00
3.889225559734312014e+02 9.955307773655570625e-01
3.889934428692114352e+02 1.005360533941079826e+00
3.890643130833222472e+02 9.987409055787784817e-01
3.891351666148750041e+02 9.989027018994919294e-01
3.892060034629810161e+02 9.998346898400165550e-01
3.892768236267517636e+02 9.941760633154109739e-01
3.893476271052983861e+02 9.985965344299750912e-01
3.894184138977325347e+02 1.005197605842116371e+00
3.894891840031653487e+02 9.962190433471146411e-01
3.895599374207082519e+02 9.944991308120140205e-01
3.896306741494726680e+02 1.005833052667133520e+00
3.897013941885697932e+02 1.006465784748857839e+00
3.897720975371111649e+02 9.962105015398983188e-01
3.898427841942079226e+02 9.949888540422213712e-01
3.899134541589717173e+02 1.000596061520112379e+00
3.899841074305136317e+02 1.003365040947559406e+00
3.900547440079452599e+02 9.950889639454084667e-01
3.901253638903777983e+02 1.002835083657133142e+00
3.901959670769225568e+02 9.994050201667025179e-01
3.902665535666911296e+02 9.991488618307012848e-01
3.903371233587945994e+02 1.001182430363415587e+00
3.904076764523445604e+02 1.002805944372718416e+00
3.904782128464522657e+02 9.987552728640776145e-01
3.905487325402290253e+02 9.972437485439863414e-01
3.906192355327861492e+02 1.000351222333536461e+00
3.906897218232352316e+02 9.989863449297718967e-01
3.907601914106874688e+02 1.001377041133756585e+00
3.908306442942541707e+02 1.006704363810945857e+00
3.909010804730468180e+02 9.952518390921015756e-01
3.909714999461767775e+02 1.001554514067160673e+00
3.910419027127553022e+02 1.001680073961909612e+00
3.911122887718937022e+02 9.988879909855302719e-01
3.911826581227035149e+02 9.957703786574048088e-01
3.912530107642959933e+02 9.974226019273032540e-01
3.913233466957824476e+02 9.989655759451161465e-01
3.913936659162744149e+02 1.000239694262411660e+00
3.914639684248830918e+02 1.006915353472654706e+00
3.915342542207199017e+02 9.964438080788965424e-01
3.916045233028960979e+02 9.944338465355604395e-01
3.916747756705231609e+02 9.976037403441450069e-01
3.917450113227124007e+02 1.004716248002488488e+00
3.918152302585752409e+02 1.000190009601982455e+00
3.918854324772229916e+02 1.004025342199803550e+00
3.919556179777669627e+02 9.987806264988928762e-01
3.920257867593185779e+02 9.923464622459041706e-01
3.920959388209891472e+02 1.001578277268886152e+00
3.921660741618900943e+02 1.004412685849888742e+00
3.922361927811326723e+02 1.002662070142466444e+00
3.923062946778283617e+02 9.892867849833725247e-01
3.923763798510884726e+02 9.932359450551371260e-01
3.924464483000242581e+02 1.002624844176965180e+00
3.925165000237472555e+02 1.002215532989045199e+00
3.925865350213686611e+02 9.999234612034354486e-01
3.926565532920000123e+02 9.972344868505852444e-01
3.927265548347524486e+02 1.005862062882939556e+00
3.927965396487375074e+02 1.018564162386414340e+00
3.928665077330664985e+02 9.992313728800936712e-01
3.929364590868507889e+02 1.003241105608028594e+00
3.930063937092016886e+02 9.989855846013163676e-01
3.930763115992304506e+02 1.000233963612348509e+00
3.931462127560486692e+02 1.002657490776915239e+00
3.932160971787675976e+02 1.004735984210839206e+00
3.932859648664985457e+02 9.944325016818192919e-01
3.933558158183529940e+02 9.916929617495516824e-01
3.934256500334421958e+02 1.001835057404656615e+00
3.934954675108775177e+02 9.973433258941055701e-01
3.935652682497702699e+02 1.001961773456407467e+00
3.936350522492318760e+02 9.967134870404418256e-01
3.937048195083738165e+02 1.002086495453399007e+00
3.937745700263072877e+02 9.975172857928704673e-01
3.938443038021437133e+02 1.001734860319999365e+00
3.939140208349943464e+02 9.995547187408987400e-01
3.939837211239706676e+02 9.955701683126765289e-01
3.940534046681839868e+02 9.959656336705694502e-01
3.941230714667456141e+02 9.998393022262165308e-01
3.941927215187669731e+02 9.989601953730921080e-01
3.942623548233595443e+02 9.965643659411936861e-01
3.943319713796344104e+02 1.003562217705486814e+00
3.944015711867031655e+02 1.001407381651757023e+00
3.944711542436769491e+02 9.984539883755114698e-01
3.945407205496672987e+02 1.006703678478419128e+00
3.946102701037854672e+02 9.984902069718686324e-01
3.946798029051429353e+02 1.002766461488385774e+00
3.947493189528510129e+02 1.001708875469179638e+00
3.948188182460210101e+02 1.000489809752531212e+00
3.948883007837642367e+02 9.979728452465415067e-01
3.949577665651921166e+02 1.000420874628777046e+00
3.950272155894160733e+02 1.001843665621925394e+00
3.950966478555473032e+02 9.992323717922966253e-01
3.951660633626974004e+02 9.926670414709494183e-01
3.952354621099775045e+02 1.003666285130664804e+00
3.953048440964990959e+02 1.000896481894830270e+00
3.953742093213734847e+02 1.000541938684387233e+00
3.954435577837119808e+02 9.994741139495488813e-01
3.955128894826260080e+02 9.938255443702215253e-01
3.955822044172269329e+02 1.000427725115043742e+00
3.956515025866261226e+02 1.001290979300067052e+00
3.957207839899348869e+02 1.001970477865779197e+00
3.957900486262645927e+02 1.002223100912165821e+00
3.958592964947266637e+02 9.967716718816931332e-01
3.959285275944323530e+02 1.001274040675793620e+00
3.959977419244930275e+02 1.002379581911113426e+00
3.960669394840201107e+02 9.974046119260617793e-01
3.961361202721249697e+02 9.923738986840525689e-01
3.962052842879189711e+02 1.002646066350019627e+00
3.962744315305133114e+02 1.004434205308168515e+00
3.963435619990195846e+02 1.003387767229988459e+00
3.964126756925489303e+02 9.937712107094226477e-01
3.964817726102128290e+02 1.000329973827455809e+00
3.965508527511226475e+02 1.008701380281977755e+00
3.966199161143896958e+02 1.001841326397619136e+00
3.966889626991253976e+02 9.931813692736688459e-01
3.967579925044410629e+02 9.989953587666929868e-01
3.968270055294480017e+02 9.978902936446377714e-01
3.968960017732575807e+02 9.998511356098023217e-01
3.969649812349812237e+02 9.978670596239949120e-01
3.970339439137302975e+02 9.906054988737945655e-01
3.971028898086161689e+02 1.002073979341997267e+00
3.971718189187500911e+02 1.003476138315869237e+00
3.972407312432435447e+02 1.000792830577315717e+00
3.973096267812077258e+02 1.006884511657331949e+00
3.973785055317541719e+02 1.004251591886076156e+00
3.974473674939940793e+02 9.959358143058555379e-01
3.975162126670389853e+02 1.003259096194477396e+00
3.975850410500000862e+02 9.941756815355937693e-01
3.976538526419888058e+02 1.004018116681656636e+00
3.977226474421165676e+02 9.997554714358699579e-01
3.977914254494945681e+02 9.949795550661332255e-01
3.978601866632343445e+02 9.847215285827853881e-01
3.979289310824470931e+02 9.980749728124739262e-01
3.979976587062442945e+02 1.002190391074619713e+00
3.980663695337373156e+02 1.004447734925600688e+00
3.981350635640374094e+02 1.003552412866540955e+00
3.982037407962560565e+02 1.000975693479984718e+00
3.982724012295043963e+02 1.003087203002409833e+00
3.983410448628939662e+02 1.001374309630995274e+00
3.984096716955361330e+02 1.013195604210611167e+00
3.984782817265422636e+02 1.007137610145895312e+00
3.985468749550236112e+02 9.947326173345933942e-01
3.986154513800915993e+02 9.944043692496878917e-01
3.986840110008575948e+02 1.006366839572474969e+00
3.987525538164328509e+02 1.001260782565854379e+00
3.988210798259289049e+02 9.963418656596957357e-01
3.988895890284569532e+02 9.976942717138997940e-01
3.989580814231284762e+02 9.974448393118674483e-01
3.990265570090547271e+02 9.967272218675929940e-01
3.990950157853471865e+02 1.006414790422950123e+00
3.991634577511171074e+02 9.995456360319542322e-01
3.992318829054758567e+02 9.922783498362782728e-01
3.993002912475348012e+02 1.001141157461068243e+00
3.993686827764053078e+02 9.967569403462805955e-01
3.994370574911988001e+02 9.913664642151307493e-01
3.995054153910265882e+02 1.010288589133519599e+00
3.995737564749999819e+02 9.998444443000007453e-01
3.996420807422304051e+02 9.987689198634653875e-01
3.997103881918291108e+02 1.002378309809817569e+00
3.997786788229075796e+02 1.004006129170059269e+00
3.998469526345771214e+02 1.004499091954174972e+00
3.999152096259491032e+02 9.929529306206003048e-01
