# Wavelength (nm),     Flat response (decimal)
2.980329654484125399e+02 9.843405246900125416e-01
2.981184689832987260e+02 9.920529453305353407e-01
2.982039566591087691e+02 1.010366640857190745e+00
2.982894284765040425e+02 9.987445788476788655e-01
2.983748844361460328e+02 1.000138616935025926e+00
2.984603245386963408e+02 9.936010513496593699e-01
2.985457487848162828e+02 9.998046740567139157e-01
2.986311571751675160e+02 9.986931336080996369e-01
2.987165497104114138e+02 1.003197997659469154e+00
2.988019263912094630e+02 9.958658152763377736e-01
2.988872872182231504e+02 9.955543158658023417e-01
2.989726321921140197e+02 1.000422256782448338e+00
2.990579613135435011e+02 1.004194478896188736e+00
2.991432745831729676e+02 1.010479245925212322e+00
2.992285720016641335e+02 9.998851784185709413e-01
2.993138535696783151e+02 1.003046138075937899e+00
2.993991192878770562e+02 1.006821737838585529e+00
2.994843691569219004e+02 1.006735177136678816e+00
2.995696031774741073e+02 9.997476053909118976e-01
2.996548213501953910e+02 1.003176636373256159e+00
2.997400236757471816e+02 1.005762430615524838e+00
2.998252101547908524e+02 1.000799504682490904e+00
2.999103807879879469e+02 9.881045096092677671e-01
2.999955355760000089e+02 1.009297734530161028e+00
3.000806745194884684e+02 9.938363202600305479e-01
3.001657976191148123e+02 1.004662044587803837e+00
3.002509048755404706e+02 1.005663222204570051e+00
3.003359962894270438e+02 1.027657238449978916e+00
3.004210718614358484e+02 9.923815102781003983e-01
3.005061315922285416e+02 9.956272988331735796e-01
3.005911754824665536e+02 1.001893872311313327e+00
3.006762035328112574e+02 9.951304795157448480e-01
3.007612157439242537e+02 1.004304813798061913e+00
3.008462121164669725e+02 9.896574500343056080e-01
3.009311926511010142e+02 1.010284468878116737e+00
3.010161573484876385e+02 1.009569273702445980e+00
3.011011062092885027e+02 9.983279802724578378e-01
3.011860392341649799e+02 1.008094283951990189e+00
3.012709564237786708e+02 1.008033108885074247e+00
3.013558577787909485e+02 1.001402692513193582e+00
3.014407432998633567e+02 1.000338117684608230e+00
3.015256129876573254e+02 9.945747043448650571e-01
3.016104668428343416e+02 1.008683540362832698e+00
3.016953048660560626e+02 1.001205957270980385e+00
3.017801270579836910e+02 1.011863367589646678e+00
3.018649334192788274e+02 9.958215977624191861e-01
3.019497239506030155e+02 1.009362701180098743e+00
3.020344986526177422e+02 1.008456581720242440e+00
3.021192575259843807e+02 9.941124547668909184e-01
3.022040005713644746e+02 9.848841228902244227e-01
3.022887277894195108e+02 9.973253343369528068e-01
3.023734391808109194e+02 9.877111285910619154e-01
3.024581347462003009e+02 9.825814688416795173e-01
3.025428144862490285e+02 9.881826214689485299e-01
3.026274784016185890e+02 9.902805715782495577e-01
3.027121264929705262e+02 9.924688386178154298e-01
3.027967587609662701e+02 9.850456951895752988e-01
3.028813752062673075e+02 1.001824405289937214e+00
3.029659758295351253e+02 9.931854550622999378e-01
3.030505606314312104e+02 9.974578869039597562e-01
3.031351296126171064e+02 1.000383207533328545e+00
3.032196827737541867e+02 9.787715056125223523e-01
3.033042201155040516e+02 9.745482703477016395e-01
3.033887416385279607e+02 9.849366625566345901e-01
3.034732473434876852e+02 9.959650673914852703e-01
3.035577372310444844e+02 1.004087514268032999e+00
3.036422113018600726e+02 1.002144807496603951e+00
3.037266695565956525e+02 9.886862630305172095e-01
3.038111119959128814e+02 9.927205629277360277e-01
3.038955386204731326e+02 9.889736043819339351e-01
3.039799494309381203e+02 9.963973179559186821e-01
3.040643444279690470e+02 1.006352084538810976e+00
3.041487236122275135e+02 9.965235005860429984e-01
3.042330869843750065e+02 9.972924861714976830e-01
3.043174345450729561e+02 1.000367412629292740e+00
3.044017662949830196e+02 1.005505290886735015e+00
3.044860822347664566e+02 1.001173472513254836e+00
3.045703823650848108e+02 1.005473747079135061e+00
3.046546666865996258e+02 9.963584147733829388e-01
3.047389351999723885e+02 9.919243475335165483e-01
3.048231879058644722e+02 1.010346414283472605e+00
3.049074248049374773e+02 9.964138061809733049e-01
3.049916458978528340e+02 1.014910094580999456e+00
3.050758511852720289e+02 1.004934551013549893e+00
3.051600406678565491e+02 1.008325381342186633e+00
3.052442143462678246e+02 1.009281876185761595e+00
3.053283722211674558e+02 1.011200478835841965e+00
3.054125142932167591e+02 9.877616661888400929e-01
3.054966405630773920e+02 9.899206983789722303e-01
3.055807510314107276e+02 1.017959864564605965e+00
3.056648456988782527e+02 1.012756155426582483e+00
3.057489245661414543e+02 1.007400597494253924e+00
3.058329876338619329e+02 1.009134750558438709e+00
3.059170349027010616e+02 1.017095404897084165e+00
3.060010663733202136e+02 1.010264463864340989e+00
3.060850820463810464e+02 1.007669280359535291e+00
3.061690819225449900e+02 9.993759376864166377e-01
3.062530660024735880e+02 1.012633238756691645e+00
3.063370342868281568e+02 9.997464986238041584e-01
3.064209867762702970e+02 1.012335548142375696e+00
3.065049234714614386e+02 1.005546475225626679e+00
3.065888443730631252e+02 1.010978032958165906e+00
3.066727494817368438e+02 1.022033066303699389e+00
3.067566387981440243e+02 1.004870400394947794e+00
3.068405123229461537e+02 1.010838184191447109e+00
3.069243700568047188e+02 9.967936620774254797e-01
3.070082120003811497e+02 9.905870328745188802e-01
3.070920381543371036e+02 1.014970614852576780e+00
3.071758485193338402e+02 1.003869603053480608e+00
3.072596430960330167e+02 1.006624053442903843e+00
3.073434218850960065e+02 9.893928511701685080e-01
3.074271848871844099e+02 1.006641796909124142e+00
3.075109321029595435e+02 1.011620082065972204e+00
3.075946635330830077e+02 9.973918764892152344e-01
3.076783791782162325e+02 1.004541109387009135e+00
3.077620790390207617e+02 1.000967817734837118e+00
3.078457631161579684e+02 1.002323698724058909e+00
3.079294314102894532e+02 9.954667528193602566e-01
3.080130839220766461e+02 9.845668691529400052e-01
3.080967206521809771e+02 9.880843059540452833e-01
3.081803416012640469e+02 1.009172472034977730e+00
3.082639467699872853e+02 1.002701509473296504e+00
3.083475361590120656e+02 9.938301223558163588e-01
3.084311097689999883e+02 1.000243702202334273e+00
3.085146676006125404e+02 9.986239216063887980e-01
3.085982096545112086e+02 9.801165779629351649e-01
3.086817359313573661e+02 9.962765679330789492e-01
3.087652464318126135e+02 9.860132746246599300e-01
3.088487411565383240e+02 9.845041470665094607e-01
3.089322201061962119e+02 9.846232640759260413e-01
3.090156832814474228e+02 9.952256669558465774e-01
3.090991306829536711e+02 9.884371120291025603e-01
3.091825623113763299e+02 9.948165650653177927e-01
3.092659781673770567e+02 9.971964934311547957e-01
3.093493782516170540e+02 9.975636788031791991e-01
3.094327625647580362e+02 9.940743181370934600e-01
3.095161311074613195e+02 1.006743669609045044e+00
3.095994838803885614e+02 9.888036151725243528e-01
3.096828208842011350e+02 9.968609220131161575e-01
3.097661421195605271e+02 9.852343175409107312e-01
3.098494475871282248e+02 9.914467107166029525e-01
3.099327372875657147e+02 9.839673592186528595e-01
3.100160112215344270e+02 9.962392966280148032e-01
3.100992693896960191e+02 1.000474298092969727e+00
3.101825117927118072e+02 9.954817188040284703e-01
3.102657384312432782e+02 1.004965017968923346e+00
3.103489493059519191e+02 9.962909899978914519e-01
3.104321444174993303e+02 1.004518324761418224e+00
3.105153237665468851e+02 1.015338993945017476e+00
3.105984873537561270e+02 1.018360278060590929e+00
3.106816351797883726e+02 1.004905042527272307e+00
3.107647672453053360e+02 1.008795715602926357e+00
3.108478835509684473e+02 9.884969037903106326e-01
3.109309840974390227e+02 1.010412862266145462e+00
3.110140688853786628e+02 1.008543565891852900e+00
3.110971379154488545e+02 1.007452745613006906e+00
3.111801911883111984e+02 1.010178006383117388e+00
3.112632287046268971e+02 1.007744909480492446e+00
3.113462504650576079e+02 1.010108725260392415e+00
3.114292564702648178e+02 1.000278895612755070e+00
3.115122467209100137e+02 1.010950542069871005e+00
3.115952212176545686e+02 9.915847538244511039e-01
3.116781799611600832e+02 1.001898521224305005e+00
3.117611229520879874e+02 1.000766935821271408e+00
3.118440501910997682e+02 1.001284534176533514e+00
3.119269616788569692e+02 9.943688286089894524e-01
3.120098574160209637e+02 9.942963180148994828e-01
3.120927374032532953e+02 1.002197247185399709e+00
3.121756016412153372e+02 1.002025226147865045e+00
3.122584501305687468e+02 9.991893499320786409e-01
3.123412828719750109e+02 1.000552436448228111e+00
3.124240998660954460e+02 9.889697968080829460e-01
3.125069011135915957e+02 9.975890052893741089e-01
3.125896866151250038e+02 9.996243480540644155e-01
3.126724563713571001e+02 1.003628613992725960e+00
3.127552103829493717e+02 1.002432621870989360e+00
3.128379486505633054e+02 1.003709229147355275e+00
3.129206711748603880e+02 9.907285780869696801e-01
3.130033779565021064e+02 9.936601771457915788e-01
3.130860689961499475e+02 1.005102431360416881e+00
3.131687442944653981e+02 9.946928118815737685e-01
3.132514038521098882e+02 9.856704260443062138e-01
3.133340476697449049e+02 1.002627412779104610e+00
3.134166757480320484e+02 1.002415940092413971e+00
3.134992880876325785e+02 9.955638162650226608e-01
3.135818846892082092e+02 9.882087133759511755e-01
3.136644655534203139e+02 9.967368908906225622e-01
3.137470306809303224e+02 9.981861034005544697e-01
3.138295800723998923e+02 9.941275991165404724e-01
3.139121137284903398e+02 1.005021074271607251e+00
3.139946316498631518e+02 1.007126945760439263e+00
3.140771338371798720e+02 9.922744292527918564e-01
3.141596202911020441e+02 1.005651637928800302e+00
3.142420910122910414e+02 9.985030662432221593e-01
3.143245460014083505e+02 9.987933690219291671e-01
3.144069852591154586e+02 9.953475337041417514e-01
3.144894087860738523e+02 1.003297962831271040e+00
3.145718165829451891e+02 9.888189225119476955e-01
3.146542086503906148e+02 1.002318825603960128e+00
3.147365849890718437e+02 1.004780021272862811e+00
3.148189455996503625e+02 9.991714333012537974e-01
3.149012904827874877e+02 1.004523372493703937e+00
3.149836196391449334e+02 9.931498273069437888e-01
3.150659330693840161e+02 1.003224916873516781e+00
3.151482307741662225e+02 1.004979496031663810e+00
3.152305127541530965e+02 9.958775008242418680e-01
3.153127790100061247e+02 1.011007661757680642e+00
3.153950295423866805e+02 9.978648855223208880e-01
3.154772643519563644e+02 9.859670998032922240e-01
3.155594834393766632e+02 1.005584288411625504e+00
3.156416868053089502e+02 9.988080355636738128e-01
3.157238744504148258e+02 9.955009838775968900e-01
3.158060463753556633e+02 1.003434408218850438e+00
3.158882025807930063e+02 1.006161527364430652e+00
3.159703430673883418e+02 1.001491977376030462e+00
3.160524678358032133e+02 9.947647409580704370e-01
3.161345768866988806e+02 1.000565328243608665e+00
3.162166702207370577e+02 9.925063831213747356e-01
3.162987478385791178e+02 1.006715426199210395e+00
3.163808097408866047e+02 1.010905004051080747e+00
3.164628559283209484e+02 1.008698814925292675e+00
3.165448864015436357e+02 1.010330061338333918e+00
3.166269011612161535e+02 9.987335480204820870e-01
3.167089002079999887e+02 9.999646917407627456e-01
3.167908835425566849e+02 9.930265335981635078e-01
3.168728511655476154e+02 1.004597326195845852e+00
3.169548030776342671e+02 9.999012811722115535e-01
3.170367392794782404e+02 1.001236805717376832e+00
3.171186597717409086e+02 1.007475376229236552e+00
3.172005645550838153e+02 1.012646384555273338e+00
3.172824536301683338e+02 1.007145444371418730e+00
3.173643269976560646e+02 1.011101314305091314e+00
3.174461846582084945e+02 9.929370045541602297e-01
3.175280266124870536e+02 9.986930495244012995e-01
3.176098528611531719e+02 9.941297685799496131e-01
3.176916634048684500e+02 9.907234576247652136e-01
3.177734582442942610e+02 1.003721394623129370e+00
3.178552373800921487e+02 9.990486164730063567e-01
3.179370008129236567e+02 1.004768245007772398e+00
3.180187485434501582e+02 9.989884980182920371e-01
3.181004805723330833e+02 1.013578434932826955e+00
3.181821969002340893e+02 1.002765573114733355e+00
3.182638975278146063e+02 1.004193133815363126e+00
3.183455824557360074e+02 9.989991543125741336e-01
3.184272516846598933e+02 1.003769955321113239e+00
3.185089052152476370e+02 1.005216501699919496e+00
3.185905430481608960e+02 9.989372786227326273e-01
3.186721651840609866e+02 9.896171976717333951e-01
3.187537716236093388e+02 1.005650315170580900e+00
3.188353623674676669e+02 9.954092258258896431e-01
3.189169374162972872e+02 9.996419283128686883e-01
3.189984967707597434e+02 9.954572270870633011e-01
3.190800404315165224e+02 9.976003406734430534e-01
3.191615683992289974e+02 9.942786129344463042e-01
3.192430806745587688e+02 9.931793099146426496e-01
3.193245772581672668e+02 9.970116937629879272e-01
3.194060581507160919e+02 9.939385172297372506e-01
3.194875233528665035e+02 9.989175547649522535e-01
3.195689728652801023e+02 9.980418532813210009e-01
3.196504066886184319e+02 9.945137418743126290e-01
3.197318248235429223e+02 9.962767797462188657e-01
3.198132272707150037e+02 9.995369794095612104e-01
3.198946140307961628e+02 1.003180406868427799e+00
3.199759851044480001e+02 1.010562673165720460e+00
3.200573404923319458e+02 9.920628901397395838e-01
3.201386801951093730e+02 1.000312572060512162e+00
3.202200042134418823e+02 1.000034112598477298e+00
3.203013125479908467e+02 1.001272818746663074e+00
3.203826051994178670e+02 1.003078684536101495e+00
3.204638821683844299e+02 9.996125145368357501e-01
3.205451434555519086e+02 9.968115660067333739e-01
3.206263890615817900e+02 9.981147250887973943e-01
3.207076189871357315e+02 1.003792474834503512e+00
3.207888332328749925e+02 9.982507827216194896e-01
3.208700317994612305e+02 9.898293541134526308e-01
3.209512146875558187e+02 9.974393472138877170e-01
3.210323818978202439e+02 1.002534318263098356e+00
3.211135334309159930e+02 9.909334497880666337e-01
3.211946692875046097e+02 1.002124417160333403e+00
3.212757894682475808e+02 9.948890772503410362e-01
3.213568939738062795e+02 9.889642486982754832e-01
3.214379828048423065e+02 1.000918491381047826e+00
3.215190559620170347e+02 9.959562634508030143e-01
3.216001134459920081e+02 1.010052371699014406e+00
3.216811552574287703e+02 1.005742550250755762e+00
3.217621813969885807e+02 1.001349073117999255e+00
3.218431918653332104e+02 1.012466018474897478e+00
3.219241866631239759e+02 1.004341036957318245e+00
