# Flat spectrum for USB2E2559
# Wavelength (nm),       Flat Response
3.820129467543072224e+02 1.004992348264525104e+00
3.820793195788088497e+02 9.901433355037783102e-01
3.821456772460800266e+02 1.002262232037566259e+00
3.822120197561208101e+02 9.891622183110190258e-01
3.822783471089312002e+02 9.956672482532650248e-01
3.823446593045111968e+02 1.027135804251100293e+00
3.824109563428607999e+02 9.902666605194186955e-01
3.824772382239800095e+02 9.914787471645449823e-01
3.825435049478688256e+02 1.000202651631416639e+00
3.826097565145272483e+02 1.014677319471050332e+00
3.826759929239552207e+02 9.940420602118640314e-01
3.827422141761528565e+02 9.982615042132702010e-01
3.828084202711200419e+02 1.004673239251850925e+00
3.828746112088568339e+02 9.935948290510284719e-01
3.829407869893632324e+02 9.996408762322026575e-01
3.830069476126392374e+02 1.009590917741760352e+00
3.830730930786847921e+02 1.000265646891639326e+00
3.831392233875000102e+02 9.919625753450628247e-01
3.832053385390847779e+02 1.004939723606373070e+00
3.832714385334392091e+02 9.909891867195386173e-01
3.833375233705631899e+02 9.922577357604815962e-01
3.834035930504567773e+02 1.010606281887266755e+00
3.834696475731199712e+02 1.009449978508236256e+00
3.835356869385527716e+02 9.868117484935434724e-01
3.836017111467552354e+02 1.004948605154042385e+00
3.836677201977272489e+02 1.000918617312505976e+00
3.837337140914688121e+02 9.917716261814327749e-01
3.837996928279800386e+02 1.016672126375015139e+00
3.838656564072608148e+02 9.900905506949000401e-01
3.839316048293111976e+02 9.873031064928448064e-01
3.839975380941311869e+02 1.009847469959006316e+00
3.840634562017207827e+02 9.972534497887077798e-01
3.841293591520799851e+02 1.004362957932917855e+00
3.841952469452088508e+02 1.013181766526246141e+00
3.842611195811072662e+02 9.864660979943336017e-01
3.843269770597752313e+02 1.001772072793901014e+00
3.843928193812128598e+02 9.958115933878840531e-01
3.844586465454200379e+02 1.009778498345879516e+00
3.845244585523968226e+02 1.000880810573122837e+00
3.845902554021432138e+02 9.906954230019708874e-01
3.846560370946592116e+02 1.004948321165868075e+00
3.847218036299448158e+02 1.004998429760570300e+00
3.847875550080000266e+02 9.995108268675062524e-01
3.848532912288247871e+02 9.788589660954184479e-01
3.849190122924192110e+02 1.002788804298740954e+00
3.849847181987831846e+02 1.019603225944531788e+00
3.850504089479167646e+02 9.926130137541436804e-01
3.851160845398200081e+02 9.997711371748594367e-01
3.851817449744928581e+02 1.000198171227447252e+00
3.852473902519352578e+02 9.978773998737701101e-01
3.853130203721472071e+02 1.002268361721999401e+00
3.853786353351288199e+02 1.002795802162986805e+00
3.854442351408800391e+02 9.936268017531308949e-01
3.855098197894008081e+02 1.007203115618628297e+00
3.855753892806911836e+02 9.980384689358436923e-01
3.856409436147512224e+02 9.949204874520748421e-01
3.857064827915808110e+02 1.000969294221491834e+00
3.857720068111800629e+02 1.017232029396201165e+00
3.858375156735488645e+02 9.920919094428655161e-01
3.859030093786872158e+02 9.894971082444981025e-01
3.859684879265952304e+02 1.004624065664666333e+00
3.860339513172728516e+02 9.880511569398755523e-01
3.860993995507200225e+02 1.008670453143077239e+00
3.861648326269367999e+02 1.001386527892192735e+00
3.862302505459232407e+02 9.956319237715701709e-01
3.862956533076792311e+02 1.013675455648114676e+00
3.863610409122048281e+02 9.923081767021530997e-01
3.864264133594999748e+02 9.889109655127368281e-01
3.864917706495647849e+02 1.014641872720401850e+00
3.865571127823992015e+02 9.937541663460446317e-01
3.866224397580031678e+02 9.946374408676285084e-01
3.866877515763767974e+02 1.007913877756394516e+00
3.867530482375199767e+02 1.000817330009141415e+00
3.868183297414328194e+02 9.939314432979867719e-01
3.868835960881152118e+02 1.002094453137558849e+00
3.869488472775672108e+02 1.001123348676661751e+00
3.870140833097888162e+02 9.967766657538509323e-01
3.870793041847800282e+02 1.010007183886421078e+00
3.871445099025407899e+02 9.982361176181140383e-01
3.872097004630712149e+02 9.957101288481252643e-01
3.872748758663711897e+02 9.992466919918305823e-01
3.873400361124407709e+02 9.958181148512018632e-01
3.874051812012800724e+02 1.008737823769525033e+00
3.874703111328888667e+02 9.954395658976300520e-01
3.875354259072672107e+02 9.874612071336505981e-01
3.876005255244152181e+02 1.022631914530224728e+00
3.876656099843328320e+02 9.955850107619559353e-01
3.877306792870200525e+02 9.729650151151303383e-01
3.877957334324768226e+02 1.012658370208746383e+00
3.878607724207031993e+02 1.011901879629657719e+00
3.879257962516991824e+02 1.004904167011382299e+00
3.879908049254648290e+02 1.000013937402047359e+00
3.880557984420000253e+02 9.830518242298402765e-01
3.881207768013047712e+02 1.004671908124416424e+00
3.881857400033791805e+02 1.008026863054047650e+00
3.882506880482231963e+02 9.896365609069160962e-01
3.883156209358367619e+02 1.011134192552403110e+00
3.883805386662200476e+02 9.951360185314407358e-01
3.884454412393728262e+02 1.002841317438466495e+00
3.885103286552952113e+02 1.000340787730407133e+00
3.885752009139872030e+02 9.900572971087306939e-01
3.886400580154488011e+02 1.005378983323758302e+00
3.887048999596800058e+02 1.007301209757150318e+00
3.887697267466808171e+02 9.774644139776780261e-01
3.888345383764511780e+02 1.022858863412515529e+00
3.888993348489912023e+02 1.006032558573265234e+00
3.889641161643008331e+02 9.817324619085899817e-01
3.890288823223800705e+02 1.004376706449588541e+00
3.890936333232288575e+02 1.014218532023109853e+00
3.891583691668472511e+02 1.006076197006177564e+00
3.892230898532352512e+02 9.938694490310151508e-01
3.892877953823928010e+02 9.901578395109286168e-01
3.893524857543200142e+02 9.939500394406005634e-01
3.894171609690168339e+02 1.012146664768980076e+00
3.894818210264832032e+02 1.003338783044489757e+00
3.895464659267191792e+02 9.810286282158394711e-01
3.896110956697248184e+02 1.009280289015781928e+00
3.896757102555000074e+02 1.000965538260362830e+00
3.897403096840448029e+02 9.990756575706224440e-01
3.898048939553592049e+02 9.982959254797318938e-01
3.898694630694432135e+02 1.002225151848451956e+00
3.899340170262967717e+02 9.906823808306030044e-01
3.899985558259199934e+02 9.970255895857481621e-01
3.900630794683128215e+02 1.009917261430297142e+00
3.901275879534751994e+02 1.005122406980424765e+00
3.901920812814072406e+02 9.994284175293672856e-01
3.902565594521088315e+02 1.007250955108610402e+00
3.903210224655800289e+02 9.809485960808790317e-01
3.903854703218207760e+02 9.990846266742751114e-01
3.904499030208312433e+02 1.009837994101524750e+00
3.905143205626112604e+02 1.004569775735154158e+00
3.905787229471608271e+02 9.934081092943535252e-01
3.906431101744800571e+02 9.885970827962936580e-01
3.907074822445688369e+02 1.014695488969294512e+00
3.907718391574272232e+02 1.000112326556438003e+00
3.908361809130552160e+02 9.960679401167432667e-01
3.909005075114528154e+02 1.002209430829878345e+00
3.909648189526200213e+02 9.927544222795228190e-01
3.910291152365568337e+02 9.978594626409797996e-01
3.910933963632631958e+02 1.012098051411953747e+00
3.911576623327392213e+02 1.000658685366043521e+00
3.912219131449847964e+02 9.974521928655667447e-01
3.912861487999999781e+02 1.004772726367726632e+00
3.913503692977847663e+02 9.908683375351177158e-01
3.914145746383391611e+02 9.955805996665560986e-01
3.914787648216631624e+02 1.007084708063799683e+00
3.915429398477567702e+02 1.004684672066576079e+00
3.916070997166199845e+02 9.917383672687452023e-01
3.916712444282528054e+02 9.941064159581459725e-01
3.917353739826552328e+02 1.005457851668020153e+00
3.917994883798272099e+02 1.007815715615865360e+00
3.918635876197687935e+02 1.000585090470996086e+00
3.919276717024799837e+02 9.854139978121387866e-01
3.919917406279607803e+02 9.979074243332888283e-01
3.920557943962112404e+02 1.016769237109687474e+00
3.921198330072312501e+02 9.994403355306122894e-01
3.921838564610208664e+02 9.921507442089464446e-01
3.922478647575800323e+02 9.972258578125535733e-01
3.923118578969088617e+02 1.018186832640991746e+00
3.923758358790072407e+02 9.907216542613260790e-01
3.924397987038752262e+02 9.776396670839473391e-01
3.925037463715128183e+02 1.013715939341506944e+00
3.925676788819200169e+02 9.952175673674005241e-01
3.926315962350968221e+02 1.007930827986113220e+00
3.926954984310432337e+02 9.936216873006658012e-01
3.927593854697591951e+02 9.923723241749539126e-01
3.928232573512448198e+02 1.001766583604649208e+00
3.928871140754999942e+02 1.002613037610895041e+00
3.929509556425247752e+02 1.005713563206622085e+00
3.930147820523191626e+02 1.010097101102987782e+00
3.930785933048831566e+02 9.995839838922974119e-01
3.931423894002167572e+02 9.889586828195355839e-01
3.932061703383200211e+02 1.021825357442124993e+00
3.932699361191928347e+02 9.977881935110879397e-01
3.933336867428351979e+02 9.928153548187294009e-01
3.933974222092472246e+02 1.012162101369629363e+00
3.934611425184288009e+02 9.964572915033719225e-01
3.935248476703799838e+02 9.971779992850434704e-01
3.935885376651008301e+02 9.948397289445597425e-01
3.936522125025912260e+02 1.005488125404653710e+00
3.937158721828512284e+02 1.003147050428021325e+00
3.937795167058808374e+02 9.836843786198505857e-01
3.938431460716800530e+02 1.000888583739920623e+00
3.939067602802488182e+02 1.004047647376868246e+00
3.939703593315872467e+02 1.002048965771545230e+00
3.940339432256952250e+02 9.998368956299044097e-01
3.940975119625728098e+02 1.006478736709116584e+00
3.941610655422200011e+02 9.912898879920257755e-01
3.942246039646367990e+02 9.789299558531552314e-01
3.942881272298232034e+02 1.017730120187034348e+00
3.943516353377792143e+02 9.993757653345540781e-01
3.944151282885047749e+02 9.984658923211524595e-01
3.944786060819999989e+02 9.924329597080306931e-01
3.945420687182647725e+02 1.011745200256985777e+00
3.946055161972991527e+02 9.975355380873893729e-01
3.946689485191031963e+02 9.895189943406752509e-01
3.947323656836767896e+02 1.011478707855628656e+00
3.947957676910200462e+02 1.010722821883915490e+00
3.948591545411327957e+02 9.887887765283626118e-01
3.949225262340152085e+02 9.885110044903404614e-01
3.949858827696672279e+02 1.004969677359439206e+00
3.950492241480887969e+02 1.023072903913890386e+00
3.951125503692800294e+02 9.956398579554008865e-01
3.951758614332408683e+02 9.809808611468742168e-01
3.952391573399712570e+02 1.015203043312603359e+00
3.953024380894712522e+02 9.984493020100188021e-01
3.953657036817408539e+02 9.956338142106303524e-01
3.954289541167800621e+02 9.889088220361429427e-01
3.954921893945888201e+02 1.008144163911822710e+00
3.955554095151672414e+02 1.011054390187135832e+00
3.956186144785152123e+02 1.002502032128210541e+00
3.956818042846327899e+02 9.903077893409808485e-01
3.957449789335200308e+02 9.922747120404388221e-01
3.958081384251768213e+02 9.922218009499490510e-01
3.958712827596032184e+02 1.002153625696197370e+00
3.959344119367992221e+02 1.013796939235194206e+00
3.959975259567647754e+02 9.976163270712833375e-01
3.960606248194999921e+02 1.010353323402243042e+00
3.961237085250047585e+02 1.000808335801325111e+00
3.961867770732791882e+02 9.799123050946469959e-01
3.962498304643231677e+02 9.983280622948897953e-01
3.963128686981368105e+02 9.995852870519682520e-01
3.963758917747200030e+02 1.008252640723147575e+00
3.964388996940728020e+02 1.012809244057231828e+00
3.965018924561952076e+02 9.779381181400644829e-01
3.965648700610872197e+02 1.000584785765310514e+00
3.966278325087487815e+02 1.013384230306304312e+00
3.966907797991800066e+02 9.875213980372091749e-01
3.967537119323808383e+02 1.013767741032648217e+00
3.968166289083512766e+02 9.965498328079505086e-01
3.968795307270912645e+02 1.003261600162285161e+00
3.969424173886008589e+02 9.918173425605127935e-01
3.970052888928800598e+02 9.971402552245335338e-01
3.970681452399288105e+02 1.004885467514746500e+00
3.971309864297472245e+02 1.011282562068147817e+00
3.971938124623352451e+02 9.971817670090122876e-01
3.972566233376928153e+02 9.925544264070702560e-01
3.973194190558199921e+02 9.799710656241726880e-01
3.973821996167168322e+02 1.018526196825555230e+00
3.974449650203832221e+02 1.001959323266693014e+00
3.975077152668192184e+02 9.876605863009005892e-01
3.975704503560248213e+02 9.979531478719099180e-01
3.976331702879999739e+02 1.001163522872216660e+00
3.976958750627447898e+02 1.019210359449262748e+00
3.977585646802591555e+02 9.875125325907277984e-01
3.978212391405431845e+02 1.016163746055991801e+00
3.978838984435968200e+02 9.921936951274910044e-01
3.979465425894200052e+02 9.923869519395080996e-01
3.980091715780127970e+02 1.005055163270631047e+00
3.980717854093751953e+02 1.003971051611957988e+00
3.981343840835072001e+02 9.821486148359847013e-01
3.981969676004088114e+02 9.955749408174332515e-01
3.982595359600800293e+02 1.000658963660964185e+00
3.983220891625208537e+02 1.008324796226867104e+00
3.983846272077312278e+02 9.912958054172591460e-01
3.984471500957112653e+02 1.012077872361612840e+00
3.985096578264608524e+02 9.969126234402881925e-01
3.985721503999800461e+02 1.005323443601913391e+00
3.986346278162688463e+02 1.009783568248446617e+00
3.986970900753271962e+02 9.926525753238669703e-01
3.987595371771552095e+02 1.014525822018512491e+00
3.988219691217528293e+02 9.944686030119204156e-01
3.988843859091199988e+02 9.981234360734578814e-01
3.989467875392567748e+02 1.006417091077174808e+00
3.990091740121632142e+02 9.958390158161370964e-01
3.990715453278392033e+02 9.975114268028085762e-01
3.991339014862847989e+02 9.891617800260670279e-01
3.991962424875000011e+02 1.004734858708422829e+00
3.992585683314847529e+02 1.002618031060825032e+00
3.993208790182391681e+02 1.000370390619526262e+00
3.993831745477632467e+02 1.003088033978465132e+00
3.994454549200568181e+02 9.968308268767522851e-01
3.995077201351199960e+02 9.861759205047576637e-01
3.995699701929528374e+02 1.010466704880413236e+00
3.996322050935552284e+02 1.016003287285289769e+00
3.996944248369272259e+02 9.840671558096412141e-01
3.997566294230688300e+02 9.880328211871599597e-01
3.998188188519800406e+02 1.012493623161889067e+00
3.998809931236608577e+02 1.012138598627399855e+00
3.999431522381112245e+02 9.903737943318546844e-01
