# Flat spectrum for spectrometer I2J5046
# Wavelength (nm), Flat response
3.000299999999999727e+02 9.991874311433177613e-01
3.000699999999999932e+02 1.001299096761824714e+00
3.001200000000000045e+02 1.001854554454960411e+00
3.001700000000000159e+02 1.004085398048041977e+00
3.002099999999999795e+02 1.002613781948835658e+00
3.002599999999999909e+02 1.001755889961575274e+00
3.003100000000000023e+02 9.997527548621922833e-01
3.003600000000000136e+02 1.001140069356269979e+00
3.003999999999999773e+02 9.980239957608517676e-01
3.004499999999999886e+02 9.962372746726625428e-01
3.005000000000000000e+02 9.921767626842533661e-01
3.005500000000000114e+02 9.954003209324455703e-01
3.005899999999999750e+02 9.989827117989866778e-01
3.006399999999999864e+02 9.992031707714484901e-01
3.006899999999999977e+02 1.000482455530481207e+00
3.007300000000000182e+02 9.983392964673717396e-01
3.007799999999999727e+02 1.000500086197034788e+00
3.008299999999999841e+02 1.002878474759060001e+00
3.008700000000000045e+02 1.007271832870463735e+00
3.009200000000000159e+02 1.006931499393629803e+00
3.009700000000000273e+02 1.006444617903344829e+00
3.010199999999999818e+02 1.002337785921672220e+00
3.010600000000000023e+02 9.996941502285591197e-01
3.011100000000000136e+02 9.935469950378765791e-01
3.011600000000000250e+02 9.929708196853167523e-01
3.011999999999999886e+02 9.967844192883889010e-01
3.012500000000000000e+02 1.002725765599804530e+00
3.013000000000000114e+02 1.005421632636239293e+00
3.013500000000000227e+02 1.003100419718671921e+00
3.013899999999999864e+02 1.000012994592631710e+00
3.014399999999999977e+02 9.980724151290657487e-01
3.014900000000000091e+02 9.991842228361669243e-01
3.015299999999999727e+02 1.001350170511269067e+00
3.015799999999999841e+02 1.005075576366363688e+00
3.016299999999999955e+02 1.004535133676724978e+00
3.016700000000000159e+02 1.000741244454012246e+00
3.017200000000000273e+02 9.931226550616275572e-01
3.017699999999999818e+02 9.923492758130012525e-01
3.018100000000000023e+02 9.930393579898088019e-01
3.018600000000000136e+02 1.000087327375990043e+00
3.019100000000000250e+02 9.990246505398751031e-01
3.019599999999999795e+02 1.002992606922036289e+00
3.020000000000000000e+02 1.001402906067457410e+00
3.020500000000000114e+02 1.001177006400337799e+00
3.021000000000000227e+02 9.967064099631579577e-01
3.021399999999999864e+02 9.957918956645598341e-01
3.021899999999999977e+02 1.002754619807428860e+00
3.022400000000000091e+02 1.003366630918366864e+00
3.022799999999999727e+02 1.005067201878275807e+00
3.023299999999999841e+02 1.001293751625711659e+00
3.023799999999999955e+02 1.002149282799937868e+00
3.024200000000000159e+02 1.002012791783246870e+00
3.024700000000000273e+02 1.002872267473107870e+00
3.025199999999999818e+02 1.002928493035589730e+00
3.025600000000000023e+02 1.002723616392541928e+00
3.026100000000000136e+02 9.975219338363737753e-01
3.026600000000000250e+02 9.979775355394228109e-01
3.026999999999999886e+02 9.965333446046716892e-01
3.027500000000000000e+02 1.001065990566734065e+00
3.028000000000000114e+02 9.975687706871100291e-01
3.028399999999999750e+02 9.974569859215899337e-01
3.028899999999999864e+02 9.949251606959123029e-01
3.029399999999999977e+02 9.951479995045047211e-01
3.029800000000000182e+02 9.940227544024797801e-01
3.030299999999999727e+02 9.988689673778836653e-01
3.030799999999999841e+02 1.003124334016236352e+00
3.031200000000000045e+02 1.006804054752926003e+00
3.031700000000000159e+02 1.004825956513429208e+00
3.032200000000000273e+02 1.003493002881788332e+00
3.032599999999999909e+02 1.002207034853862533e+00
3.033100000000000023e+02 1.002739880948478213e+00
3.033600000000000136e+02 9.994120600373187502e-01
3.033999999999999773e+02 9.965194232447608380e-01
3.034499999999999886e+02 9.979888343969506304e-01
3.035000000000000000e+02 1.000574837577219878e+00
3.035400000000000205e+02 1.003744356488339928e+00
3.035899999999999750e+02 1.000562314219214821e+00
3.036399999999999864e+02 1.001733588105120365e+00
3.036800000000000068e+02 9.980875119859196065e-01
3.037300000000000182e+02 9.982285722248976922e-01
3.037699999999999818e+02 9.962196294844899436e-01
3.038199999999999932e+02 9.969853152531887863e-01
3.038700000000000045e+02 9.991359016677997529e-01
3.039100000000000250e+02 1.001805296701381076e+00
3.039599999999999795e+02 1.001957536482756650e+00
3.040099999999999909e+02 9.984308139662765313e-01
3.040500000000000114e+02 9.965639620792492437e-01
3.041000000000000227e+02 9.970785682183220811e-01
3.041499999999999773e+02 1.001217472198155045e+00
3.041899999999999977e+02 1.000977769401294237e+00
3.042400000000000091e+02 1.001527036873867571e+00
3.042900000000000205e+02 9.975176216120159589e-01
3.043299999999999841e+02 9.969746812955107007e-01
3.043799999999999955e+02 9.958699008947817788e-01
3.044200000000000159e+02 9.997227686271237257e-01
3.044700000000000273e+02 1.004330467992465836e+00
3.045199999999999818e+02 1.005980573868386241e+00
3.045600000000000023e+02 1.002472042648939299e+00
3.046100000000000136e+02 9.996850266715138211e-01
3.046600000000000250e+02 1.001214400502600244e+00
3.046999999999999886e+02 1.004824632603299683e+00
3.047500000000000000e+02 1.005075037919056280e+00
3.047900000000000205e+02 1.002080800357370904e+00
3.048399999999999750e+02 9.970083703770771244e-01
3.048899999999999864e+02 9.935550975915481420e-01
3.049300000000000068e+02 9.947379447691635512e-01
3.049800000000000182e+02 9.968335488876511885e-01
3.050299999999999727e+02 9.993694802892171269e-01
3.050699999999999932e+02 9.992547258930043474e-01
3.051200000000000045e+02 1.002101841787444991e+00
3.051600000000000250e+02 1.006978565034179818e+00
3.052099999999999795e+02 1.006418264020276787e+00
3.052599999999999909e+02 1.001040961527205120e+00
3.053000000000000114e+02 9.986611800159166386e-01
3.053500000000000227e+02 1.000548379567091084e+00
3.053999999999999773e+02 1.001949445648697479e+00
3.054399999999999977e+02 9.962199096059221048e-01
3.054900000000000091e+02 9.972511184038711507e-01
3.055299999999999727e+02 9.989484484100172867e-01
3.055799999999999841e+02 1.001056974858509196e+00
3.056299999999999955e+02 9.969575758778694841e-01
3.056700000000000159e+02 9.958682962091920388e-01
3.057200000000000273e+02 9.964114525542753231e-01
3.057599999999999909e+02 9.980662001535456351e-01
3.058100000000000023e+02 9.999102259422645300e-01
3.058600000000000136e+02 1.001451708329151868e+00
3.058999999999999773e+02 1.004269115676221791e+00
3.059499999999999886e+02 1.003993415853238869e+00
3.059900000000000091e+02 1.003299224852261640e+00
3.060400000000000205e+02 9.996612372267150715e-01
3.060899999999999750e+02 1.001826124121644179e+00
3.061299999999999955e+02 1.002223149270724312e+00
3.061800000000000068e+02 1.000923171906363152e+00
3.062200000000000273e+02 9.960658519335455763e-01
3.062699999999999818e+02 9.914150010032924953e-01
3.063199999999999932e+02 9.922695602976007168e-01
3.063600000000000136e+02 9.972947029087264603e-01
3.064100000000000250e+02 1.002655084841962863e+00
3.064499999999999886e+02 1.003350399832610984e+00
3.065000000000000000e+02 9.987111695846757620e-01
3.065500000000000114e+02 9.995027797104001355e-01
3.065899999999999750e+02 1.002975742149675442e+00
3.066399999999999864e+02 1.004515237435293917e+00
3.066800000000000068e+02 1.002473386187086257e+00
3.067300000000000182e+02 1.002769879869159997e+00
3.067699999999999818e+02 1.005640955216832388e+00
3.068199999999999932e+02 1.005555297312902940e+00
3.068700000000000045e+02 1.003377930787187067e+00
3.069100000000000250e+02 1.000182092447385651e+00
3.069599999999999795e+02 1.000695371654433563e+00
3.070000000000000000e+02 9.999259290839125347e-01
3.070500000000000114e+02 1.000228707621887203e+00
3.070899999999999750e+02 9.962473509706195607e-01
3.071399999999999864e+02 9.934058744399321128e-01
3.071899999999999977e+02 9.927982836420750079e-01
3.072300000000000182e+02 9.957428026599348669e-01
3.072799999999999727e+02 9.993760802438781399e-01
3.073199999999999932e+02 9.964935304029574059e-01
3.073700000000000045e+02 9.970047063815373756e-01
3.074100000000000250e+02 9.974277043585496605e-01
3.074599999999999795e+02 1.002635856848639095e+00
3.075099999999999909e+02 1.002545674882974858e+00
3.075500000000000114e+02 1.004272705538683086e+00
3.076000000000000227e+02 1.005475959725636637e+00
3.076399999999999864e+02 1.005141552404553718e+00
3.076899999999999977e+02 1.004688329435517335e+00
3.077300000000000182e+02 9.991045865364608369e-01
3.077799999999999727e+02 9.989951360333824137e-01
3.078299999999999841e+02 9.982832251679613078e-01
3.078700000000000045e+02 1.000789779568570737e+00
3.079200000000000159e+02 1.001011101265073755e+00
3.079599999999999795e+02 9.972659518736534112e-01
3.080099999999999909e+02 9.965441345842195320e-01
3.080500000000000114e+02 9.967447970790398459e-01
3.081000000000000227e+02 9.992295789657495986e-01
3.081399999999999864e+02 9.985906039001615220e-01
3.081899999999999977e+02 9.983600224809354717e-01
3.082400000000000091e+02 9.990380345156085751e-01
3.082799999999999727e+02 9.997250600916842700e-01
3.083299999999999841e+02 9.993860093390179999e-01
3.083700000000000045e+02 9.986271333004301809e-01
3.084200000000000159e+02 1.001355078917023578e+00
3.084599999999999795e+02 1.002829931981736200e+00
3.085099999999999909e+02 1.006401898508100690e+00
3.085500000000000114e+02 1.004401223269066223e+00
3.086000000000000227e+02 1.005441443397275147e+00
3.086399999999999864e+02 1.001466347163155746e+00
3.086899999999999977e+02 1.003140693738334921e+00
3.087400000000000091e+02 9.996121158518241900e-01
3.087799999999999727e+02 9.973566606961637993e-01
3.088299999999999841e+02 9.936071671224017132e-01
3.088700000000000045e+02 9.914883470612123606e-01
3.089200000000000159e+02 9.940292665849799203e-01
3.089599999999999795e+02 9.973158333732826675e-01
3.090099999999999909e+02 1.000430150562707121e+00
3.090500000000000114e+02 9.991503079857316783e-01
3.091000000000000227e+02 9.997683214461959844e-01
3.091399999999999864e+02 1.000994016132995990e+00
3.091899999999999977e+02 1.000198926705464286e+00
3.092300000000000182e+02 9.977973746940435040e-01
3.092799999999999727e+02 9.977675578079684415e-01
3.093199999999999932e+02 1.000847182011415537e+00
3.093700000000000045e+02 1.003123731528135831e+00
3.094100000000000250e+02 1.004289861855953037e+00
3.094599999999999795e+02 1.004149163974580761e+00
3.095099999999999909e+02 1.005822189723873938e+00
3.095500000000000114e+02 1.005324847981596381e+00
3.096000000000000227e+02 1.003835496151215700e+00
3.096399999999999864e+02 1.001992968550387886e+00
3.096899999999999977e+02 1.001613690781827604e+00
3.097300000000000182e+02 1.002474118920917201e+00
3.097799999999999727e+02 9.982865393300374146e-01
3.098199999999999932e+02 9.956245019635268090e-01
3.098700000000000045e+02 9.962943210069721278e-01
3.099100000000000250e+02 9.969320815129065760e-01
3.099599999999999795e+02 9.986819062375622558e-01
3.100000000000000000e+02 9.940799669886942747e-01
3.100500000000000114e+02 9.973867593927623343e-01
3.100899999999999750e+02 1.001514517762114531e+00
3.101399999999999864e+02 1.002560712256993947e+00
3.101800000000000068e+02 1.000108295392832636e+00
3.102300000000000182e+02 9.965700185051858950e-01
3.102699999999999818e+02 9.981961651636461763e-01
3.103199999999999932e+02 1.001652450651172366e+00
3.103600000000000136e+02 9.995759264052926918e-01
3.104100000000000250e+02 9.990495507395480423e-01
3.104499999999999886e+02 9.967615040183218644e-01
3.105000000000000000e+02 9.998014486506386911e-01
3.105400000000000205e+02 1.001796121573579335e+00
3.105899999999999750e+02 1.000984848672466176e+00
3.106299999999999955e+02 1.000747550682191678e+00
3.106800000000000068e+02 9.999021994977620453e-01
3.107200000000000273e+02 1.002902176628321262e+00
3.107699999999999818e+02 1.003325293292649301e+00
3.108100000000000023e+02 1.003301453596270543e+00
3.108600000000000136e+02 1.000361071813862024e+00
3.108999999999999773e+02 9.975312243251663880e-01
3.109499999999999886e+02 9.999598115507518648e-01
3.109900000000000091e+02 9.993895949615990704e-01
3.110400000000000205e+02 1.002419484931370119e+00
3.110799999999999841e+02 1.001202589245174357e+00
3.111299999999999955e+02 1.004749574498793097e+00
3.111700000000000159e+02 1.001764935013791158e+00
3.112200000000000273e+02 1.001786711785484618e+00
3.112599999999999909e+02 9.981412813053304189e-01
3.113100000000000023e+02 9.982704012644545433e-01
3.113500000000000227e+02 9.952898954018799538e-01
3.113999999999999773e+02 9.949952902744048089e-01
3.114399999999999977e+02 9.971989966736815036e-01
3.114800000000000182e+02 9.970768128872382619e-01
3.115299999999999727e+02 9.976127787473604291e-01
3.115699999999999932e+02 9.982757887986343226e-01
3.116200000000000045e+02 1.000754677893343825e+00
3.116600000000000250e+02 1.000810318665712018e+00
3.117099999999999795e+02 1.000899018332029655e+00
3.117500000000000000e+02 9.998611408709103809e-01
3.118000000000000114e+02 1.004485338823422946e+00
3.118399999999999750e+02 1.001773236637893305e+00
3.118899999999999864e+02 9.995383132782283964e-01
3.119300000000000068e+02 9.947739914954744078e-01
3.119800000000000182e+02 9.960617374041625949e-01
3.120199999999999818e+02 9.982959828335509211e-01
3.120699999999999932e+02 9.990326652842106414e-01
3.121100000000000136e+02 9.975934230633064503e-01
3.121600000000000250e+02 1.000891361813720071e+00
3.121999999999999886e+02 1.003398506481447905e+00
3.122400000000000091e+02 1.006728774317938502e+00
3.122900000000000205e+02 1.005511517020175605e+00
3.123299999999999841e+02 1.003952382664901499e+00
3.123799999999999955e+02 1.002789866484353976e+00
3.124200000000000159e+02 1.003055110061620070e+00
3.124700000000000273e+02 1.005210417137148982e+00
3.125099999999999909e+02 1.002717576520792075e+00
3.125600000000000023e+02 9.979178736884387613e-01
3.126000000000000227e+02 9.927317423352024495e-01
3.126499999999999773e+02 9.930910605315803608e-01
3.126899999999999977e+02 9.958324091240955411e-01
3.127300000000000182e+02 9.976859442686145663e-01
3.127799999999999727e+02 9.963036892820874568e-01
3.128199999999999932e+02 9.983573654305262224e-01
3.128700000000000045e+02 1.000609039986203319e+00
3.129100000000000250e+02 1.005075100905462815e+00
3.129599999999999795e+02 1.002695136068613602e+00
3.130000000000000000e+02 9.998848979438003104e-01
3.130500000000000114e+02 9.980326750438336392e-01
3.130899999999999750e+02 9.979416366221356416e-01
3.131299999999999955e+02 9.988034600755482106e-01
3.131800000000000068e+02 9.979389124164071978e-01
3.132200000000000273e+02 9.993400818163330479e-01
3.132699999999999818e+02 9.996611344688511869e-01
3.133100000000000023e+02 1.001328992321583122e+00
3.133600000000000136e+02 1.001412640019884837e+00
3.133999999999999773e+02 1.002769395035735034e+00
3.134499999999999886e+02 1.002802014299569500e+00
3.134900000000000091e+02 1.004675534680581350e+00
3.135299999999999727e+02 1.002450124658271990e+00
3.135799999999999841e+02 1.002076310954288507e+00
3.136200000000000045e+02 9.971387042705199821e-01
3.136700000000000159e+02 9.998007769307620807e-01
3.137099999999999795e+02 9.989374930715615442e-01
3.137599999999999909e+02 9.981822341594127623e-01
3.138000000000000114e+02 9.955186375859564896e-01
3.138399999999999750e+02 9.980813421039477218e-01
3.138899999999999864e+02 1.002423968274156696e+00
3.139300000000000068e+02 1.006759323729802258e+00
3.139800000000000182e+02 1.005644730889160066e+00
3.140199999999999818e+02 1.005691562890275392e+00
3.140600000000000023e+02 1.003388432842906131e+00
3.141100000000000136e+02 1.001826829572874944e+00
3.141499999999999773e+02 1.000724191850756117e+00
3.141999999999999886e+02 1.000427736760243880e+00
3.142400000000000091e+02 9.976507600150567034e-01
3.142900000000000205e+02 9.960037134577696127e-01
3.143299999999999841e+02 9.932539488126894689e-01
3.143700000000000045e+02 9.929557807685408521e-01
3.144200000000000159e+02 9.930833338360133267e-01
3.144599999999999795e+02 9.947643078218360024e-01
3.145099999999999909e+02 9.947114259333391661e-01
3.145500000000000114e+02 9.974516537617974521e-01
3.145899999999999750e+02 9.991845823782448122e-01
3.146399999999999864e+02 1.002159878718152264e+00
3.146800000000000068e+02 9.985127389170211920e-01
3.147300000000000182e+02 9.965752579619714391e-01
3.147699999999999818e+02 9.979763485680208657e-01
3.148100000000000023e+02 1.002112931674190799e+00
3.148600000000000136e+02 1.003109410550688141e+00
3.148999999999999773e+02 1.001681314464319072e+00
3.149499999999999886e+02 9.998222473668778587e-01
3.149900000000000091e+02 1.001183145042163325e+00
3.150299999999999727e+02 1.003025680422038546e+00
3.150799999999999841e+02 1.001659087458701247e+00
3.151200000000000045e+02 1.000925613416737692e+00
3.151700000000000159e+02 1.002499980713264849e+00
3.152099999999999795e+02 1.001972234244957072e+00
3.152500000000000000e+02 1.003114544767219618e+00
3.153000000000000114e+02 1.000850321009909560e+00
3.153399999999999750e+02 1.004562340636879325e+00
3.153899999999999864e+02 1.002918138291899242e+00
3.154300000000000068e+02 1.001264335159627539e+00
3.154700000000000273e+02 9.986543509827996434e-01
3.155199999999999818e+02 9.989333014558872126e-01
3.155600000000000023e+02 9.998846966405248171e-01
3.156000000000000227e+02 9.997253567304339450e-01
3.156499999999999773e+02 9.993556573789748043e-01
3.156899999999999977e+02 1.000276840431472802e+00
3.157400000000000091e+02 1.002623579490977690e+00
3.157799999999999727e+02 1.002881781440533304e+00
3.158199999999999932e+02 1.001087258671470082e+00
3.158700000000000045e+02 9.974065214089737896e-01
3.159100000000000250e+02 9.949804293050439341e-01
3.159599999999999795e+02 9.956820234624934596e-01
3.160000000000000000e+02 9.981756944408906040e-01
3.160400000000000205e+02 1.001431753839840955e+00
3.160899999999999750e+02 1.000093707195254478e+00
3.161299999999999955e+02 9.998875747246367407e-01
3.161700000000000159e+02 9.982049258450010898e-01
3.162200000000000273e+02 9.992341000525521988e-01
3.162599999999999909e+02 9.990369803547718419e-01
3.163000000000000114e+02 1.000073885193806245e+00
3.163500000000000227e+02 1.001066489377984592e+00
3.163899999999999864e+02 1.001398576218817560e+00
3.164399999999999977e+02 1.002466715505823558e+00
3.164800000000000182e+02 1.003808792852383336e+00
3.165199999999999818e+02 1.003536060385217921e+00
3.165699999999999932e+02 1.000616196845007133e+00
3.166100000000000136e+02 9.984797677465470089e-01
3.166499999999999773e+02 9.980496709317512316e-01
3.166999999999999886e+02 1.001714294347626044e+00
3.167400000000000091e+02 1.002219266674710951e+00
3.167799999999999727e+02 1.003102518559864764e+00
3.168299999999999841e+02 1.002264011870488414e+00
3.168700000000000045e+02 1.001025201287453870e+00
3.169100000000000250e+02 9.988918731189906364e-01
3.169599999999999795e+02 9.961824656519699950e-01
3.170000000000000000e+02 9.973337276726773615e-01
3.170500000000000114e+02 9.966539006320118688e-01
3.170899999999999750e+02 9.958388779631356380e-01
3.171299999999999955e+02 9.948695889182453955e-01
3.171800000000000068e+02 9.961443118097759175e-01
3.172200000000000273e+02 9.994070038915440213e-01
3.172599999999999909e+02 1.001212634680412217e+00
3.173100000000000023e+02 1.003735233873812360e+00
3.173500000000000227e+02 1.001932138421971707e+00
3.173899999999999864e+02 1.000128989144213332e+00
3.174399999999999977e+02 1.000110647757247007e+00
3.174800000000000182e+02 9.984931625505482078e-01
3.175199999999999818e+02 9.983907400079801153e-01
3.175699999999999932e+02 9.973079822268067218e-01
3.176100000000000136e+02 9.998428531322174351e-01
3.176499999999999773e+02 1.001091964607465412e+00
3.176999999999999886e+02 1.001854267612999339e+00
3.177400000000000091e+02 1.001695293956436084e+00
3.177799999999999727e+02 1.001786975651862255e+00
3.178299999999999841e+02 1.000476476503264989e+00
3.178700000000000045e+02 9.978161914751273454e-01
3.179100000000000250e+02 9.965021358038693711e-01
3.179599999999999795e+02 9.969075252756929295e-01
3.180000000000000000e+02 1.002347650372494847e+00
3.180400000000000205e+02 1.005758789719257251e+00
3.180899999999999750e+02 1.004295257454203449e+00
3.181299999999999955e+02 1.001078245459408933e+00
3.181700000000000159e+02 9.988007671322797210e-01
3.182200000000000273e+02 1.002745399625363243e+00
3.182599999999999909e+02 1.003649233681963127e+00
3.183000000000000114e+02 1.003378453127079961e+00
3.183500000000000227e+02 1.001077862587341327e+00
3.183899999999999864e+02 9.996170690507135692e-01
3.184300000000000068e+02 9.996479138273568488e-01
3.184800000000000182e+02 9.998379556953241876e-01
3.185199999999999818e+02 1.000717001295227115e+00
3.185600000000000023e+02 9.989862736058463533e-01
3.186000000000000227e+02 9.981414444206806458e-01
3.186499999999999773e+02 9.952680584213273729e-01
3.186899999999999977e+02 9.958859911204952509e-01
3.187300000000000182e+02 9.945653437733105173e-01
3.187799999999999727e+02 9.968561760541108097e-01
3.188199999999999932e+02 9.979004611624857635e-01
3.188600000000000136e+02 1.002909024495299617e+00
3.189100000000000250e+02 1.004390548599451982e+00
3.189499999999999886e+02 1.004124770801489541e+00
3.189900000000000091e+02 9.998808432955093028e-01
3.190400000000000205e+02 9.988131323862280420e-01
3.190799999999999841e+02 1.001400163057186710e+00
3.191200000000000045e+02 1.005072207243875138e+00
3.191600000000000250e+02 1.006937066877660270e+00
3.192099999999999795e+02 1.006307084925845530e+00
3.192500000000000000e+02 1.005122575621011149e+00
3.192900000000000205e+02 1.005095649085108400e+00
3.193399999999999750e+02 1.005354873313862640e+00
3.193799999999999955e+02 1.006442398476450117e+00
3.194200000000000159e+02 9.972049972624198455e-01
3.194599999999999795e+02 9.770449325002861229e-01
3.195099999999999909e+02 9.643129773911768288e-01
3.195500000000000114e+02 9.714359150987591507e-01
3.195899999999999750e+02 9.912583092488987946e-01
3.196399999999999864e+02 1.002365256235185242e+00
3.196800000000000068e+02 1.004383154033814840e+00
3.197200000000000273e+02 1.006068064414589180e+00
3.197599999999999909e+02 1.006842753577472438e+00
3.198100000000000023e+02 1.008212693092541912e+00
3.198500000000000227e+02 1.008473538104169842e+00
3.198899999999999864e+02 1.006899208439242965e+00
3.199399999999999977e+02 1.006640182634771730e+00
3.199800000000000182e+02 1.003241781189095239e+00
3.200199999999999818e+02 1.000068234302197601e+00
3.200600000000000023e+02 9.980767178100949932e-01
3.201100000000000136e+02 9.955793535160284424e-01
3.201499999999999773e+02 9.970279534667756405e-01
3.201899999999999977e+02 9.973046814789825465e-01
3.202400000000000091e+02 9.992768101578934914e-01
3.202799999999999727e+02 1.001520307051088299e+00
3.203199999999999932e+02 1.000689328856832372e+00
3.203600000000000136e+02 1.001937812756681812e+00
3.204100000000000250e+02 1.001819433077340227e+00
3.204499999999999886e+02 1.003203198400051566e+00
3.204900000000000091e+02 1.003291189557310670e+00
3.205299999999999727e+02 1.003597785946842125e+00
3.205799999999999841e+02 9.995071237070718428e-01
3.206200000000000045e+02 9.984046938738021515e-01
3.206600000000000250e+02 9.989662045514627886e-01
3.206999999999999886e+02 1.000239871410059989e+00
3.207500000000000000e+02 1.002194569474290642e+00
3.207900000000000205e+02 1.000900477538728905e+00
3.208299999999999841e+02 1.000672822112839366e+00
3.208799999999999955e+02 9.977356635532681484e-01
3.209200000000000159e+02 9.961386753338000721e-01
3.209599999999999795e+02 9.969778140127479871e-01
3.210000000000000000e+02 9.992026140195764405e-01
3.210500000000000114e+02 1.000185999525612601e+00
3.210899999999999750e+02 1.000165583384684087e+00
3.211299999999999955e+02 9.977017727354334786e-01
3.211700000000000159e+02 9.982150642183482692e-01
3.212200000000000273e+02 9.990244089916823222e-01
3.212599999999999909e+02 1.000512986979754215e+00
3.213000000000000114e+02 1.000716651659685708e+00
3.213399999999999750e+02 1.001034054410193219e+00
3.213899999999999864e+02 1.000481467066911323e+00
3.214300000000000068e+02 9.998102941936650723e-01
3.214700000000000273e+02 1.000259002577619460e+00
3.215099999999999909e+02 1.002544288587687404e+00
3.215500000000000114e+02 1.003462573706931149e+00
3.216000000000000227e+02 1.003345573498976906e+00
3.216399999999999864e+02 1.001575548069223665e+00
3.216800000000000068e+02 1.001511372533667954e+00
3.217200000000000273e+02 1.000074508778895144e+00
3.217699999999999818e+02 9.991074363795978686e-01
3.218100000000000023e+02 9.965398198875874414e-01
3.218500000000000227e+02 9.977426938395945744e-01
3.218899999999999864e+02 9.986888202643826595e-01
3.219399999999999977e+02 1.000065813215773147e+00
3.219800000000000182e+02 1.000003243963026422e+00
3.220199999999999818e+02 1.000103172442460719e+00
3.220600000000000023e+02 1.000063086613055763e+00
3.221100000000000136e+02 9.988331896829478751e-01
3.221499999999999773e+02 9.990381165063024760e-01
3.221899999999999977e+02 1.000778714083778054e+00
3.222300000000000182e+02 1.001534113336704168e+00
3.222699999999999818e+02 1.000243865089707418e+00
3.223199999999999932e+02 9.998389963898743904e-01
3.223600000000000136e+02 9.974129679487861999e-01
3.223999999999999773e+02 9.982569862350878509e-01
3.224399999999999977e+02 9.964548984231419437e-01
3.224900000000000091e+02 9.979299840857628334e-01
3.225299999999999727e+02 1.000224130874499018e+00
3.225699999999999932e+02 1.001766635321182486e+00
3.226100000000000136e+02 1.003068172467330266e+00
3.226499999999999773e+02 1.001017668721276399e+00
3.226999999999999886e+02 9.995673829914764053e-01
3.227400000000000091e+02 9.991342798651080548e-01
3.227799999999999727e+02 1.000439302177432710e+00
3.228199999999999932e+02 1.002394999293728217e+00
3.228600000000000136e+02 1.002130543556195574e+00
3.229100000000000250e+02 9.999106522525380569e-01
3.229499999999999886e+02 9.982482372196483933e-01
3.229900000000000091e+02 9.961726633449192736e-01
3.230299999999999727e+02 9.963326042099773794e-01
3.230699999999999932e+02 9.969937694261928884e-01
3.231200000000000045e+02 9.994841188604842719e-01
3.231600000000000250e+02 1.000216740278326855e+00
3.231999999999999886e+02 1.001223043653224121e+00
3.232400000000000091e+02 1.000409807438840559e+00
3.232799999999999727e+02 1.000318608762370998e+00
3.233299999999999841e+02 1.000475931570951271e+00
3.233700000000000045e+02 1.002946705634332192e+00
3.234100000000000250e+02 1.003956488281974035e+00
3.234499999999999886e+02 1.001323677096072284e+00
3.234900000000000091e+02 9.986057222599266092e-01
3.235400000000000205e+02 9.983649154151102989e-01
3.235799999999999841e+02 1.000365383139003139e+00
3.236200000000000045e+02 1.000186112524375170e+00
3.236600000000000250e+02 9.977198886557178126e-01
3.236999999999999886e+02 9.962562375056999153e-01
3.237500000000000000e+02 9.954500125395359111e-01
3.237900000000000205e+02 9.993774773831870517e-01
3.238299999999999841e+02 1.000728074116156607e+00
3.238700000000000045e+02 1.002528786217012247e+00
3.239100000000000250e+02 1.000991252060914327e+00
3.239599999999999795e+02 1.000959925510884085e+00
3.240000000000000000e+02 9.998586906312588729e-01
3.240400000000000205e+02 1.001435662579009955e+00
3.240799999999999841e+02 1.002686073549368562e+00
3.241200000000000045e+02 1.003598825396357475e+00
3.241600000000000250e+02 1.001364842160738844e+00
3.242099999999999795e+02 9.996056944320272919e-01
3.242500000000000000e+02 9.989652412918326174e-01
3.242900000000000205e+02 9.974244836547675463e-01
3.243299999999999841e+02 9.980143773862396595e-01
3.243700000000000045e+02 1.000657267281311658e+00
3.244100000000000250e+02 9.999654747301746083e-01
3.244599999999999795e+02 9.997122019009714311e-01
3.245000000000000000e+02 9.963946476467567814e-01
3.245400000000000205e+02 9.967257408703292798e-01
3.245799999999999841e+02 9.952311016450235970e-01
3.246200000000000045e+02 9.951123623757512915e-01
3.246600000000000250e+02 9.985231201082146457e-01
3.247099999999999795e+02 1.001570527271169908e+00
3.247500000000000000e+02 1.002689001186101381e+00
3.247900000000000205e+02 1.002998994392755527e+00
3.248299999999999841e+02 1.000122796703409866e+00
3.248700000000000045e+02 1.002496505140406668e+00
3.249100000000000250e+02 9.986879837901198043e-01
3.249599999999999795e+02 1.000606621859851497e+00
3.250000000000000000e+02 9.986309578241796547e-01
3.250400000000000205e+02 1.000356248727907404e+00
3.250799999999999841e+02 9.999540470219415722e-01
3.251200000000000045e+02 1.000440742046077913e+00
3.251600000000000250e+02 1.001730814098194422e+00
3.251999999999999886e+02 1.001190316203570907e+00
3.252500000000000000e+02 1.000321052307825198e+00
3.252900000000000205e+02 1.001863304101789254e+00
3.253299999999999841e+02 1.001466580010583973e+00
3.253700000000000045e+02 1.001331619173407628e+00
3.254100000000000250e+02 9.977965596904940782e-01
3.254499999999999886e+02 9.972867373191935947e-01
3.255000000000000000e+02 9.978485666686311983e-01
3.255400000000000205e+02 9.983235390288237587e-01
3.255799999999999841e+02 9.976365360003011107e-01
3.256200000000000045e+02 9.984864158385193811e-01
3.256600000000000250e+02 9.995987470398005614e-01
3.256999999999999886e+02 1.001422264332630263e+00
3.257400000000000091e+02 1.002261377275061260e+00
3.257799999999999727e+02 1.002110759113314709e+00
3.258299999999999841e+02 1.002369092907041015e+00
3.258700000000000045e+02 9.994642518997933767e-01
3.259100000000000250e+02 9.973469658483118394e-01
3.259499999999999886e+02 9.980169025604189725e-01
3.259900000000000091e+02 9.984585528658350695e-01
3.260299999999999727e+02 1.001225163007480212e+00
3.260699999999999932e+02 9.981944693457546203e-01
3.261200000000000045e+02 9.998658004149635348e-01
3.261600000000000250e+02 1.000644467476109245e+00
3.261999999999999886e+02 1.003652337728502264e+00
3.262400000000000091e+02 1.002479976813340112e+00
3.262799999999999727e+02 1.002097755397191037e+00
3.263199999999999932e+02 9.997944140668595381e-01
3.263600000000000136e+02 1.000329923328983961e+00
3.263999999999999773e+02 9.989304538418831703e-01
3.264499999999999886e+02 1.000754372782520107e+00
3.264900000000000091e+02 9.996807725452927507e-01
3.265299999999999727e+02 9.979688608869926592e-01
3.265699999999999932e+02 9.987574347581840151e-01
3.266100000000000136e+02 9.996407600360691648e-01
3.266499999999999773e+02 9.995592750555385431e-01
3.266899999999999977e+02 9.983952593002780596e-01
3.267300000000000182e+02 9.974560694069090072e-01
3.267699999999999818e+02 9.983465459191301905e-01
3.268199999999999932e+02 9.982989308768546177e-01
3.268600000000000136e+02 9.976970058852002721e-01
3.268999999999999773e+02 9.995038204584983932e-01
3.269399999999999977e+02 9.994866957704073851e-01
3.269800000000000182e+02 1.000566414257016090e+00
3.270199999999999818e+02 1.000077535831365161e+00
3.270600000000000023e+02 9.990049511711306396e-01
3.271000000000000227e+02 1.000463148199087104e+00
3.271399999999999864e+02 1.000519695020753552e+00
3.271800000000000068e+02 1.001543363483919258e+00
3.272300000000000182e+02 1.002183168430347271e+00
3.272699999999999818e+02 1.001220474354741263e+00
3.273100000000000023e+02 1.002461271332814485e+00
3.273500000000000227e+02 1.000236709973640226e+00
3.273899999999999864e+02 1.002433292749574711e+00
3.274300000000000068e+02 1.000297217262944516e+00
3.274700000000000273e+02 1.002086897478292160e+00
3.275099999999999909e+02 9.997608330295699730e-01
3.275500000000000114e+02 9.997402925253656703e-01
3.275899999999999750e+02 9.982559632932328508e-01
3.276399999999999864e+02 9.969487140435707717e-01
3.276800000000000068e+02 9.971192916362445757e-01
3.277200000000000273e+02 9.969817362518875736e-01
3.277599999999999909e+02 9.983907913836914672e-01
3.278000000000000114e+02 1.001028877589443145e+00
3.278399999999999750e+02 1.001727731839470170e+00
3.278799999999999955e+02 1.001612918103109928e+00
3.279200000000000159e+02 9.999773927019742770e-01
3.279599999999999795e+02 9.998946298676752997e-01
3.280000000000000000e+02 9.994417519488066892e-01
3.280400000000000205e+02 1.000660441894130059e+00
3.280799999999999841e+02 1.001789566629275097e+00
3.281200000000000045e+02 1.002314819680377056e+00
3.281700000000000159e+02 1.000012941413985335e+00
3.282099999999999795e+02 9.976088715505956328e-01
3.282500000000000000e+02 9.966324971628363061e-01
3.282900000000000205e+02 9.979109553368286090e-01
3.283299999999999841e+02 9.989268443500070038e-01
3.283700000000000045e+02 9.999313129802550604e-01
3.284100000000000250e+02 1.000004587664814704e+00
3.284499999999999886e+02 9.985141218447411982e-01
3.284900000000000091e+02 9.989424500774679583e-01
3.285299999999999727e+02 9.988972979982138067e-01
3.285699999999999932e+02 1.000418606547074818e+00
3.286100000000000136e+02 1.001695847574902487e+00
3.286499999999999773e+02 9.996455942259344640e-01
3.286899999999999977e+02 1.000743624234893270e+00
3.287400000000000091e+02 9.994142598290606250e-01
3.287799999999999727e+02 1.001141514735190752e+00
3.288199999999999932e+02 9.996683737146901949e-01
3.288600000000000136e+02 9.997632540780247989e-01
3.288999999999999773e+02 1.000419987957235524e+00
3.289399999999999977e+02 1.001294773207061173e+00
3.289800000000000182e+02 1.001680034041771972e+00
3.290199999999999818e+02 1.001148693895888675e+00
3.290600000000000023e+02 9.999821587524412303e-01
3.291000000000000227e+02 1.000823558834581517e+00
3.291399999999999864e+02 1.000236426871658368e+00
3.291800000000000068e+02 9.989481143352382242e-01
3.292200000000000273e+02 9.976076727907703390e-01
3.292599999999999909e+02 9.986166677125450919e-01
3.293000000000000114e+02 1.000240681143572674e+00
3.293399999999999750e+02 9.999315210387048625e-01
3.293799999999999955e+02 9.995794507583497523e-01
3.294200000000000159e+02 1.000544771503705466e+00
3.294599999999999795e+02 1.002173272857529662e+00
3.295000000000000000e+02 1.002928091774545782e+00
3.295400000000000205e+02 1.002441419350202700e+00
3.295899999999999750e+02 1.000311112178597917e+00
3.296299999999999955e+02 1.000280454730249735e+00
3.296700000000000159e+02 9.984639539071641368e-01
3.297099999999999795e+02 9.990040313007150230e-01
3.297500000000000000e+02 9.969880082941815491e-01
3.297900000000000205e+02 9.962821612116616876e-01
3.298299999999999841e+02 9.974092764754900475e-01
3.298700000000000045e+02 9.964076849119495316e-01
3.299100000000000250e+02 9.989376060055885631e-01
3.299499999999999886e+02 9.984264852984108263e-01
3.299900000000000091e+02 1.002313836937717806e+00
3.300299999999999727e+02 1.003576762137601053e+00
3.300699999999999932e+02 1.003579833707084479e+00
3.301100000000000136e+02 1.001126081451432226e+00
3.301499999999999773e+02 1.000340966135293996e+00
3.301899999999999977e+02 1.000359353635928539e+00
3.302300000000000182e+02 9.993877755237692284e-01
3.302699999999999818e+02 9.983881738308242326e-01
3.303100000000000023e+02 9.956264762366463517e-01
3.303500000000000227e+02 9.977269364781768957e-01
3.303899999999999864e+02 9.986512280613339954e-01
3.304300000000000068e+02 1.001714105313612713e+00
3.304700000000000273e+02 1.001481800438537295e+00
3.305099999999999909e+02 9.985354986589847215e-01
3.305500000000000114e+02 9.995144934837408845e-01
3.305899999999999750e+02 9.995326042406809108e-01
3.306299999999999955e+02 1.002656890696777880e+00
3.306700000000000159e+02 1.000500333635897521e+00
3.307099999999999795e+02 1.001206665777387927e+00
3.307500000000000000e+02 1.000267086607656841e+00
3.307900000000000205e+02 1.000716477914789238e+00
3.308299999999999841e+02 1.001285621289201622e+00
3.308700000000000045e+02 1.003454617696324824e+00
3.309100000000000250e+02 1.004714951675086398e+00
3.309499999999999886e+02 1.003580189352715202e+00
3.309900000000000091e+02 1.000564099146459052e+00
3.310299999999999727e+02 9.985730894625970411e-01
3.310699999999999932e+02 9.974020657572789661e-01
3.311100000000000136e+02 9.995958944254930145e-01
3.311499999999999773e+02 9.993208885953186460e-01
3.311899999999999977e+02 9.999173567733491419e-01
3.312300000000000182e+02 9.984189335610217375e-01
3.312699999999999818e+02 9.988791420771189200e-01
3.313100000000000023e+02 9.986049313727006771e-01
3.313500000000000227e+02 9.958151699057654627e-01
3.313899999999999864e+02 9.947121132090741558e-01
3.314300000000000068e+02 9.971597060895373010e-01
3.314700000000000273e+02 1.000996036133666278e+00
3.315099999999999909e+02 1.003296756586586236e+00
3.315500000000000114e+02 1.000731868056528029e+00
3.315899999999999750e+02 9.997122754880815032e-01
3.316299999999999955e+02 1.000484778678472741e+00
3.316700000000000159e+02 1.000615298207881532e+00
3.317099999999999795e+02 9.990603109676211568e-01
3.317500000000000000e+02 9.999791371605155632e-01
3.317900000000000205e+02 1.001757282206554356e+00
3.318299999999999841e+02 1.000448081875447759e+00
3.318700000000000045e+02 9.986610601801323428e-01
3.319100000000000250e+02 9.965097510506256695e-01
3.319499999999999886e+02 1.001770732258001173e+00
3.319900000000000091e+02 1.002063617890166736e+00
3.320299999999999727e+02 1.002165379124807520e+00
3.320699999999999932e+02 9.997985327117593357e-01
3.321100000000000136e+02 9.990148832568661597e-01
3.321499999999999773e+02 1.000888057608645187e+00
3.321899999999999977e+02 1.001693142641824075e+00
3.322300000000000182e+02 1.002131967000796875e+00
3.322699999999999818e+02 1.000271310175966821e+00
3.323100000000000023e+02 1.000409391223645583e+00
3.323500000000000227e+02 9.992878657433473810e-01
3.323899999999999864e+02 9.990407596282459002e-01
3.324300000000000068e+02 9.981382065963945172e-01
3.324599999999999795e+02 9.992197367984205769e-01
3.325000000000000000e+02 9.983443394485800315e-01
3.325400000000000205e+02 9.969871021513316833e-01
3.325799999999999841e+02 9.965343717343393415e-01
3.326200000000000045e+02 9.981656229538601321e-01
3.326600000000000250e+02 1.000201613196713080e+00
3.326999999999999886e+02 1.002336844637214508e+00
3.327400000000000091e+02 1.004696415970646850e+00
3.327799999999999727e+02 1.003029880737961843e+00
3.328199999999999932e+02 1.002143166249378714e+00
3.328600000000000136e+02 1.000095090529026232e+00
3.328999999999999773e+02 1.001650169860003992e+00
3.329399999999999977e+02 9.988464834435918371e-01
3.329800000000000182e+02 9.989108434726916563e-01
3.330199999999999818e+02 9.980111397578752541e-01
3.330600000000000023e+02 1.001425492542245888e+00
3.331000000000000227e+02 1.000475179264687986e+00
3.331399999999999864e+02 1.000347317236050859e+00
3.331800000000000068e+02 9.966511742820738373e-01
3.332200000000000273e+02 9.947959246275909218e-01
3.332500000000000000e+02 9.947522645882600489e-01
3.332900000000000205e+02 9.973933647370526456e-01
3.333299999999999841e+02 1.000824436345245205e+00
3.333700000000000045e+02 1.002845425660254808e+00
3.334100000000000250e+02 1.002367489729057981e+00
3.334499999999999886e+02 1.001636709952133275e+00
3.334900000000000091e+02 9.997937944032023738e-01
3.335299999999999727e+02 1.001252497463097191e+00
3.335699999999999932e+02 9.989209931279001697e-01
3.336100000000000136e+02 1.000114479047274463e+00
3.336499999999999773e+02 1.000006161500840651e+00
3.336899999999999977e+02 1.003174726729491706e+00
3.337300000000000182e+02 1.002373769856958807e+00
3.337699999999999818e+02 1.001452651900874846e+00
3.338100000000000023e+02 1.000471862129531653e+00
3.338399999999999750e+02 1.001151402040519223e+00
3.338799999999999955e+02 9.996387634489508622e-01
3.339200000000000159e+02 9.963515950842516400e-01
3.339599999999999795e+02 9.973998205199848810e-01
3.340000000000000000e+02 9.980795719414455869e-01
3.340400000000000205e+02 1.001153889224315252e+00
3.340799999999999841e+02 9.995355839862319902e-01
3.341200000000000045e+02 9.999262077388691994e-01
3.341600000000000250e+02 9.993478001131048671e-01
3.341999999999999886e+02 9.988935155666958110e-01
3.342400000000000091e+02 9.993427409310301490e-01
3.342799999999999727e+02 9.994384722908911112e-01
3.343100000000000023e+02 1.000550654077706714e+00
3.343500000000000227e+02 1.001212488679735113e+00
3.343899999999999864e+02 1.000751158540832186e+00
3.344300000000000068e+02 9.994805929249958032e-01
3.344700000000000273e+02 9.988095634309810400e-01
3.345099999999999909e+02 1.002875764766466338e+00
3.345500000000000114e+02 1.003583576210183681e+00
3.345899999999999750e+02 1.001126064060974930e+00
3.346299999999999955e+02 9.973631053122201662e-01
3.346700000000000159e+02 9.969616719485846490e-01
3.347099999999999795e+02 9.971920379084143748e-01
3.347400000000000091e+02 9.991086069602957975e-01
3.347799999999999727e+02 9.988933796958416877e-01
3.348199999999999932e+02 1.001028614549325901e+00
3.348600000000000136e+02 1.000875140300631738e+00
3.348999999999999773e+02 1.002855144658734821e+00
3.349399999999999977e+02 1.001871473587508277e+00
3.349800000000000182e+02 1.001263852456350190e+00
3.350199999999999818e+02 1.000548039748674123e+00
3.350600000000000023e+02 1.000142945264015149e+00
3.350899999999999750e+02 9.999257746616021514e-01
3.351299999999999955e+02 9.985871134241323110e-01
3.351700000000000159e+02 1.000374023732763407e+00
3.352099999999999795e+02 9.999651168121428402e-01
3.352500000000000000e+02 9.988324238156163215e-01
3.352900000000000205e+02 9.956163831772119055e-01
3.353299999999999841e+02 9.958465947260841666e-01
3.353700000000000045e+02 9.964719746462885608e-01
3.354100000000000250e+02 9.988287849391795925e-01
3.354399999999999977e+02 9.984024918637126600e-01
3.354800000000000182e+02 1.000622751321564419e+00
3.355199999999999818e+02 1.001479359291279847e+00
3.355600000000000023e+02 1.002109882660240814e+00
3.356000000000000227e+02 1.002076572149072309e+00
3.356399999999999864e+02 1.001665442511000315e+00
3.356800000000000068e+02 1.001745956959991135e+00
3.357200000000000273e+02 1.000893394870400854e+00
3.357500000000000000e+02 1.001478770907226368e+00
3.357900000000000205e+02 1.002190247249651334e+00
3.358299999999999841e+02 1.001095911191274057e+00
3.358700000000000045e+02 1.001017916956417952e+00
3.359100000000000250e+02 9.998225934455928776e-01
3.359499999999999886e+02 9.997377011587995632e-01
3.359900000000000091e+02 9.998051733455094459e-01
3.360299999999999727e+02 9.990338130273322959e-01
3.360600000000000023e+02 9.992046048272371639e-01
3.361000000000000227e+02 9.989480920815430043e-01
3.361399999999999864e+02 9.975021510072328290e-01
3.361800000000000068e+02 9.990013515745334027e-01
3.362200000000000273e+02 9.969580712437213776e-01
3.362599999999999909e+02 9.987977643923037219e-01
3.363000000000000114e+02 9.995352614334652719e-01
3.363299999999999841e+02 1.000105924972015226e+00
3.363700000000000045e+02 1.001515220742874357e+00
3.364100000000000250e+02 1.000453199537561844e+00
3.364499999999999886e+02 1.001645455691562825e+00
3.364900000000000091e+02 9.997819407546475468e-01
3.365299999999999727e+02 9.990575769296727859e-01
3.365600000000000023e+02 1.000277716997144850e+00
3.366000000000000227e+02 1.001117664125352524e+00
3.366399999999999864e+02 1.002139915993215835e+00
3.366800000000000068e+02 1.000544147130773220e+00
3.367200000000000273e+02 1.000062641642517347e+00
3.367599999999999909e+02 9.988937668821370464e-01
3.368000000000000114e+02 9.978334133198174527e-01
3.368299999999999841e+02 9.971077540062986966e-01
3.368700000000000045e+02 9.968549658423940807e-01
3.369100000000000250e+02 9.977313062903873098e-01
3.369499999999999886e+02 9.972852378028806974e-01
3.369900000000000091e+02 9.971299752222636537e-01
3.370299999999999727e+02 9.995374694506361513e-01
3.370600000000000023e+02 1.000631215375246130e+00
3.371000000000000227e+02 1.003207932044195783e+00
3.371399999999999864e+02 1.002027113912976830e+00
3.371800000000000068e+02 1.002114705410347861e+00
3.372200000000000273e+02 1.000434187645803163e+00
3.372599999999999909e+02 1.000371971951623973e+00
3.372900000000000205e+02 1.001325386908572090e+00
3.373299999999999841e+02 1.000703596197847212e+00
3.373700000000000045e+02 1.000496646833548553e+00
3.374100000000000250e+02 1.000935196466803179e+00
3.374499999999999886e+02 1.000171815785727780e+00
3.374900000000000091e+02 9.973406366606291096e-01
3.375199999999999818e+02 9.984194223118528777e-01
3.375600000000000023e+02 1.000654191541340499e+00
3.376000000000000227e+02 1.001460038967848964e+00
3.376399999999999864e+02 9.989554378766403175e-01
3.376800000000000068e+02 9.958219139977975143e-01
3.377099999999999795e+02 9.968164734557095619e-01
3.377500000000000000e+02 9.977212773622603503e-01
3.377900000000000205e+02 1.001032764125616481e+00
3.378299999999999841e+02 1.002725741208036592e+00
3.378700000000000045e+02 1.002058955045471267e+00
3.379100000000000250e+02 1.000115747008110123e+00
3.379399999999999977e+02 9.986704356654336756e-01
3.379800000000000182e+02 9.996296284201465765e-01
3.380199999999999818e+02 1.000832599806110723e+00
3.380600000000000023e+02 1.001842125501163361e+00
3.381000000000000227e+02 1.002031948566836750e+00
3.381299999999999955e+02 1.001971637247183411e+00
3.381700000000000159e+02 9.997028638588653093e-01
3.382099999999999795e+02 9.970316704480697290e-01
3.382500000000000000e+02 9.967493972897203403e-01
3.382900000000000205e+02 9.994411746683898867e-01
3.383199999999999932e+02 9.996914316505620679e-01
3.383600000000000136e+02 9.984253086618853912e-01
3.383999999999999773e+02 9.981373980271285307e-01
3.384399999999999977e+02 1.000586644475427223e+00
3.384800000000000182e+02 1.001545363184767057e+00
3.385099999999999909e+02 9.999274019236650268e-01
3.385500000000000114e+02 9.992375550246463956e-01
3.385899999999999750e+02 1.000549297973118312e+00
3.386299999999999955e+02 1.000614127294406686e+00
3.386700000000000159e+02 1.001340025679709367e+00
3.386999999999999886e+02 1.001393033234565078e+00
3.387400000000000091e+02 9.999760290839240229e-01
3.387799999999999727e+02 9.981707805368608133e-01
3.388199999999999932e+02 9.963669593418852388e-01
3.388500000000000227e+02 9.975998304211929346e-01
3.388899999999999864e+02 9.974256800994051320e-01
3.389300000000000068e+02 9.979898367376810464e-01
3.389700000000000273e+02 9.990156253529255403e-01
3.390099999999999909e+02 9.995024118801084656e-01
3.390400000000000205e+02 9.991918219483872932e-01
3.390799999999999841e+02 9.998028714853087751e-01
3.391200000000000045e+02 1.000686609704181995e+00
3.391600000000000250e+02 1.000624232863820851e+00
3.391899999999999977e+02 9.993465985495212367e-01
3.392300000000000182e+02 9.997234976338524870e-01
3.392699999999999818e+02 1.001640419009921512e+00
3.393100000000000023e+02 1.001391718355747917e+00
3.393500000000000227e+02 1.001653613145270016e+00
3.393799999999999955e+02 1.001528619542637832e+00
3.394200000000000159e+02 9.994312408288805738e-01
3.394599999999999795e+02 9.981335761506051618e-01
3.395000000000000000e+02 9.970462140490213843e-01
3.395299999999999727e+02 9.999075463768484218e-01
3.395699999999999932e+02 1.002176843049227717e+00
3.396100000000000136e+02 9.999245511545026277e-01
3.396499999999999773e+02 1.000857332009173595e+00
3.396800000000000068e+02 9.982874178592768821e-01
3.397200000000000273e+02 9.992804580706688977e-01
3.397599999999999909e+02 9.985756323351051567e-01
3.398000000000000114e+02 1.000035599239143203e+00
3.398299999999999841e+02 1.000279440251555574e+00
3.398700000000000045e+02 1.000650992410057061e+00
3.399100000000000250e+02 9.994834283132537633e-01
3.399499999999999886e+02 1.001646135653408543e+00
3.399900000000000091e+02 9.995547305574776775e-01
3.400199999999999818e+02 9.990157719470902364e-01
3.400600000000000023e+02 9.984535562485065130e-01
3.401000000000000227e+02 1.000035692183002478e+00
3.401399999999999864e+02 1.001099888598374177e+00
3.401700000000000159e+02 1.000411625830863294e+00
3.402099999999999795e+02 1.000984794535429545e+00
3.402500000000000000e+02 9.987805478899094425e-01
3.402799999999999727e+02 1.000253544209281920e+00
3.403199999999999932e+02 9.978742482161645500e-01
3.403600000000000136e+02 9.973691984169360536e-01
3.403999999999999773e+02 9.950117412888552781e-01
3.404300000000000068e+02 9.961540703605979985e-01
3.404700000000000273e+02 9.982566196329903940e-01
3.405099999999999909e+02 9.979806324491872216e-01
3.405500000000000114e+02 9.970803155175463894e-01
3.405799999999999841e+02 9.995374307313933393e-01
3.406200000000000045e+02 1.001198585871624358e+00
3.406600000000000250e+02 1.003773323976271170e+00
3.406999999999999886e+02 1.002791957006228030e+00
3.407300000000000182e+02 1.003084621406076460e+00
3.407699999999999818e+02 1.000876042964953916e+00
3.408100000000000023e+02 1.000233218165015758e+00
3.408500000000000227e+02 9.986341830400164987e-01
3.408799999999999955e+02 9.982133135108343103e-01
3.409200000000000159e+02 9.976149089966507288e-01
3.409599999999999795e+02 9.977100591775622807e-01
3.409900000000000091e+02 9.998747821213077591e-01
3.410299999999999727e+02 9.988093534223690950e-01
3.410699999999999932e+02 1.000589009276762864e+00
3.411100000000000136e+02 1.001811164551684064e+00
3.411399999999999864e+02 1.001387004058641450e+00
3.411800000000000068e+02 1.000993791397456478e+00
3.412200000000000273e+02 1.001030662512047753e+00
3.412500000000000000e+02 1.001244114208063252e+00
3.412900000000000205e+02 9.991941928199992162e-01
3.413299999999999841e+02 9.960088292066103799e-01
3.413700000000000045e+02 9.996262778339713995e-01
3.413999999999999773e+02 1.000206665938366379e+00
3.414399999999999977e+02 1.002114813110099423e+00
3.414800000000000182e+02 1.000688147338299805e+00
3.415099999999999909e+02 1.000691083514311019e+00
3.415500000000000114e+02 1.000757305673400710e+00
3.415899999999999750e+02 1.001325841482854084e+00
3.416299999999999955e+02 1.002922548152016757e+00
3.416600000000000250e+02 1.002651097569287941e+00
3.416999999999999886e+02 1.002679380968102718e+00
3.417400000000000091e+02 1.001248498329052605e+00
3.417699999999999818e+02 9.984157442311734076e-01
3.418100000000000023e+02 9.940686747842699678e-01
3.418500000000000227e+02 9.948205091912102338e-01
3.418799999999999955e+02 9.960589191865678593e-01
3.419200000000000159e+02 9.995115796916733686e-01
3.419599999999999795e+02 1.002115740187183857e+00
3.420000000000000000e+02 1.003332592775616483e+00
3.420299999999999727e+02 1.002736354138300534e+00
3.420699999999999932e+02 9.997764268005421284e-01
3.421100000000000136e+02 9.992236876422735392e-01
3.421399999999999864e+02 9.984595896136169157e-01
3.421800000000000068e+02 9.992990692035762512e-01
3.422200000000000273e+02 9.964277773009235784e-01
3.422500000000000000e+02 9.971478724810524108e-01
3.422900000000000205e+02 9.957527808603642283e-01
3.423299999999999841e+02 9.975910756332354579e-01
3.423600000000000136e+02 9.992578890086881716e-01
3.423999999999999773e+02 9.980739242076481776e-01
3.424399999999999977e+02 1.000704259779794825e+00
3.424700000000000273e+02 9.986479426342410592e-01
3.425099999999999909e+02 9.982574457904593856e-01
3.425500000000000114e+02 9.995370636444538270e-01
3.425799999999999841e+02 1.000351591983497324e+00
3.426200000000000045e+02 1.001196713034624208e+00
3.426600000000000250e+02 9.979845600734835731e-01
3.426899999999999977e+02 9.991515436923610327e-01
3.427300000000000182e+02 1.001620254857150449e+00
3.427699999999999818e+02 1.001683506138659085e+00
3.428000000000000114e+02 1.000928365316515078e+00
3.428399999999999750e+02 9.986053852118832452e-01
3.428799999999999955e+02 9.989955772275187496e-01
3.429100000000000250e+02 9.993566394691177912e-01
3.429499999999999886e+02 1.001459723224379816e+00
3.429900000000000091e+02 1.002056369424034532e+00
3.430199999999999818e+02 1.002564876273609684e+00
3.430600000000000023e+02 1.002229794121095807e+00
3.431000000000000227e+02 9.993729745681697585e-01
3.431299999999999955e+02 9.977410600083155279e-01
3.431700000000000159e+02 9.954799927421436045e-01
3.432099999999999795e+02 9.961534116599378708e-01
3.432400000000000091e+02 9.957331098591098995e-01
3.432799999999999727e+02 9.954711324606313472e-01
3.433199999999999932e+02 9.959276893905523176e-01
3.433500000000000227e+02 9.962931038144018370e-01
3.433899999999999864e+02 9.999827430627673541e-01
3.434300000000000068e+02 1.001657148169712741e+00
3.434599999999999795e+02 1.004376440062304532e+00
3.435000000000000000e+02 1.004097248205340742e+00
3.435400000000000205e+02 1.002522048027978174e+00
3.435699999999999932e+02 9.998371228545538392e-01
3.436100000000000136e+02 9.983949250520853802e-01
3.436499999999999773e+02 9.989031159265443494e-01
3.436800000000000068e+02 1.000047568276566379e+00
3.437200000000000273e+02 9.987869309505498228e-01
3.437500000000000000e+02 9.993648701349282515e-01
3.437900000000000205e+02 9.993937596845762217e-01
3.438299999999999841e+02 1.000530870037948272e+00
3.438600000000000136e+02 1.002105195045582819e+00
3.438999999999999773e+02 9.981062014360336798e-01
3.439399999999999977e+02 9.974790690256959413e-01
3.439700000000000273e+02 9.976260095433012731e-01
3.440099999999999909e+02 1.002885837814149861e+00
3.440500000000000114e+02 1.004270854840029648e+00
3.440799999999999841e+02 1.001931826246495572e+00
3.441200000000000045e+02 9.993273281383329154e-01
3.441499999999999773e+02 9.986940135294019028e-01
3.441899999999999977e+02 1.000122644704525499e+00
3.442300000000000182e+02 1.000679232686864761e+00
3.442599999999999909e+02 9.993888933932122409e-01
3.443000000000000114e+02 9.991790336937319550e-01
3.443399999999999750e+02 9.994089169352066149e-01
3.443700000000000045e+02 1.001785344888509455e+00
3.444100000000000250e+02 1.001867923734921950e+00
3.444399999999999977e+02 1.000422302965720434e+00
3.444800000000000182e+02 9.982272910570143543e-01
3.445199999999999818e+02 9.967499283859648784e-01
3.445500000000000114e+02 9.984648030991810641e-01
3.445899999999999750e+02 1.000053964992703159e+00
3.446299999999999955e+02 1.000869255219340115e+00
3.446600000000000250e+02 9.998162394088371263e-01
3.446999999999999886e+02 9.996827450913571278e-01
3.447300000000000182e+02 9.993883332421678034e-01
3.447699999999999818e+02 1.001332259371966016e+00
3.448100000000000023e+02 1.000442303326519733e+00
3.448399999999999750e+02 1.000833540411648848e+00
3.448799999999999955e+02 1.000365553999979396e+00
3.449100000000000250e+02 1.000344165408715513e+00
3.449499999999999886e+02 9.998339612423480238e-01
3.449900000000000091e+02 9.990504452195908547e-01
3.450199999999999818e+02 1.001751196993655224e+00
3.450600000000000023e+02 1.001995584065982436e+00
3.450899999999999750e+02 9.988361270871199959e-01
3.451299999999999955e+02 9.959283122334480209e-01
3.451700000000000159e+02 9.952970978705548699e-01
3.451999999999999886e+02 9.989523236826878261e-01
3.452400000000000091e+02 1.001914454112247554e+00
3.452699999999999818e+02 1.001079551029433468e+00
3.453100000000000023e+02 9.992858630798854280e-01
3.453500000000000227e+02 1.001074598862875309e+00
3.453799999999999955e+02 1.002951510229600718e+00
3.454200000000000159e+02 1.004484701689838833e+00
3.454499999999999886e+02 9.990646597345063107e-01
3.454900000000000091e+02 1.000470356206256461e+00
3.455299999999999727e+02 9.983776373042336783e-01
3.455600000000000023e+02 9.996747462019093255e-01
3.456000000000000227e+02 9.985199422809369896e-01
3.456299999999999955e+02 9.987930570216443371e-01
3.456700000000000159e+02 9.979028050543111705e-01
3.456999999999999886e+02 9.975883776751871546e-01
3.457400000000000091e+02 9.982222774766768003e-01
3.457799999999999727e+02 9.983052640161128588e-01
3.458100000000000023e+02 9.979460630291464573e-01
3.458500000000000227e+02 9.992821641032958446e-01
3.458799999999999955e+02 9.999674381396246314e-01
3.459200000000000159e+02 9.987549272515946486e-01
3.459499999999999886e+02 9.988474921243942761e-01
3.459900000000000091e+02 9.995247078755692405e-01
3.460299999999999727e+02 9.990070929975520819e-01
3.460600000000000023e+02 9.991789700635985705e-01
3.461000000000000227e+02 1.000769021970973727e+00
3.461299999999999955e+02 1.003585551867500092e+00
3.461700000000000159e+02 1.001757566380418796e+00
3.461999999999999886e+02 1.001272698037024123e+00
3.462400000000000091e+02 1.002255474297861770e+00
3.462799999999999727e+02 1.002671680353772965e+00
3.463100000000000023e+02 1.001011069858163349e+00
3.463500000000000227e+02 9.997303323128681196e-01
3.463799999999999955e+02 1.001485380945966286e+00
3.464200000000000159e+02 1.001454498196052700e+00
3.464499999999999886e+02 1.000740558025196680e+00
3.464900000000000091e+02 9.982670978659617944e-01
3.465299999999999727e+02 9.988405072246675509e-01
3.465600000000000023e+02 9.974279656224468438e-01
3.466000000000000227e+02 9.988928486322302680e-01
3.466299999999999955e+02 9.980204992925948426e-01
3.466700000000000159e+02 1.000457508580889554e+00
3.466999999999999886e+02 1.000045859894369782e+00
3.467400000000000091e+02 1.002802710147419507e+00
3.467699999999999818e+02 1.002379802818244237e+00
3.468100000000000023e+02 1.004273708689721101e+00
3.468399999999999750e+02 1.003237060693642713e+00
3.468799999999999955e+02 9.985834317756806522e-01
3.469200000000000159e+02 9.966434038690827890e-01
3.469499999999999886e+02 9.944185428054844733e-01
3.469900000000000091e+02 9.981370696807426723e-01
3.470199999999999818e+02 9.998102852295140952e-01
3.470600000000000023e+02 9.985752463285225700e-01
3.470899999999999750e+02 9.978459139733482086e-01
3.471299999999999955e+02 9.986826136962466682e-01
3.471600000000000250e+02 1.000916315070861096e+00
3.471999999999999886e+02 1.002392762286292038e+00
3.472300000000000182e+02 9.998693808397651761e-01
3.472699999999999818e+02 1.000095451979002403e+00
3.473000000000000114e+02 9.990048934956078375e-01
3.473399999999999750e+02 9.987147188598129999e-01
3.473799999999999955e+02 9.975377831010912022e-01
3.474100000000000250e+02 9.996842574952857774e-01
3.474499999999999886e+02 9.975089993650112508e-01
3.474800000000000182e+02 1.001267322411164118e+00
3.475199999999999818e+02 9.991694978881406897e-01
3.475500000000000114e+02 1.002004320210506227e+00
3.475899999999999750e+02 1.000552489028294412e+00
3.476200000000000045e+02 1.001139059031847189e+00
3.476600000000000250e+02 9.990163665883564637e-01
3.476899999999999977e+02 9.978432817684125267e-01
3.477300000000000182e+02 9.972947916127921086e-01
3.477599999999999909e+02 1.001425341513751732e+00
3.478000000000000114e+02 1.004439987098850962e+00
3.478299999999999841e+02 1.004030987935005781e+00
3.478700000000000045e+02 1.000770629031435988e+00
3.478999999999999773e+02 9.964824552687447934e-01
3.479399999999999977e+02 9.971376959335558343e-01
3.479700000000000273e+02 9.983676336477940172e-01
3.480099999999999909e+02 1.001380771713471951e+00
3.480400000000000205e+02 1.002323902478867712e+00
3.480799999999999841e+02 1.003446489587577428e+00
3.481100000000000136e+02 1.003644036686824892e+00
3.481499999999999773e+02 1.004275887776127751e+00
3.481800000000000068e+02 1.002249257795780002e+00
3.482200000000000273e+02 1.002203513807951030e+00
3.482500000000000000e+02 1.001353650817661922e+00
3.482900000000000205e+02 1.001494968629195403e+00
3.483199999999999932e+02 9.983592498748162791e-01
3.483600000000000136e+02 9.957923909703192411e-01
3.483899999999999864e+02 9.933080406411857188e-01
3.484300000000000068e+02 9.968436084481544501e-01
3.484599999999999795e+02 9.977085332144992602e-01
3.485000000000000000e+02 1.001580908157359895e+00
3.485299999999999727e+02 9.976566420020603898e-01
3.485699999999999932e+02 9.997403428584649143e-01
3.486000000000000227e+02 9.990808540500070167e-01
3.486399999999999864e+02 1.000794448108077717e+00
3.486700000000000159e+02 1.000211269383502799e+00
3.487099999999999795e+02 1.001528129579652315e+00
3.487400000000000091e+02 1.001358007935555072e+00
3.487799999999999727e+02 1.001184283473775416e+00
3.488100000000000023e+02 9.996818238763212072e-01
3.488500000000000227e+02 1.000728647396727400e+00
3.488799999999999955e+02 1.002298408984120037e+00
3.489200000000000159e+02 1.001875919857747821e+00
3.489499999999999886e+02 9.992374603377097708e-01
3.489900000000000091e+02 9.964849584416739514e-01
3.490199999999999818e+02 9.932525988070850520e-01
3.490600000000000023e+02 9.957254454803065036e-01
3.490899999999999750e+02 9.991576090516363085e-01
3.491299999999999955e+02 1.003490012947007237e+00
3.491600000000000250e+02 1.003099281271019549e+00
3.491999999999999886e+02 9.981114601054356106e-01
3.492300000000000182e+02 1.000624870330909078e+00
3.492599999999999909e+02 1.000332623426436252e+00
3.493000000000000114e+02 1.002546684857004156e+00
3.493299999999999841e+02 9.970863043776860835e-01
3.493700000000000045e+02 9.982065215217783560e-01
3.493999999999999773e+02 9.995013270827594054e-01
3.494399999999999977e+02 1.001730028952458440e+00
3.494700000000000273e+02 1.000260736053730781e+00
3.495099999999999909e+02 9.971342255906624485e-01
3.495400000000000205e+02 9.975609579983324426e-01
3.495799999999999841e+02 9.973097575090720257e-01
3.496100000000000136e+02 1.002351341377202720e+00
3.496499999999999773e+02 1.003618654919037123e+00
3.496800000000000068e+02 1.001255570206781353e+00
3.497099999999999795e+02 1.000142576861139609e+00
3.497500000000000000e+02 9.985373274759682394e-01
3.497799999999999727e+02 1.004069199222459075e+00
3.498199999999999932e+02 1.002683696919294709e+00
3.498500000000000227e+02 1.001452819985887199e+00
3.498899999999999864e+02 9.985358440246921985e-01
3.499200000000000159e+02 9.997541307765424046e-01
3.499599999999999795e+02 1.000252253436997085e+00
3.499900000000000091e+02 9.994026149550445659e-01
3.500299999999999727e+02 9.987741146622058919e-01
3.500600000000000023e+02 1.001071453974871073e+00
3.500899999999999750e+02 1.002612744469961958e+00
3.501299999999999955e+02 1.001482264711494263e+00
3.501600000000000250e+02 1.000376532284212638e+00
3.501999999999999886e+02 9.995975054934297388e-01
3.502300000000000182e+02 1.001007536006710996e+00
3.502699999999999818e+02 9.996433685717981410e-01
3.503000000000000114e+02 1.000037077365770521e+00
3.503299999999999841e+02 9.969358248043390658e-01
3.503700000000000045e+02 9.989727017226185390e-01
3.503999999999999773e+02 1.000101887016643154e+00
3.504399999999999977e+02 1.004663521653371916e+00
3.504700000000000273e+02 1.000514950459085783e+00
3.505099999999999909e+02 9.982605832663146161e-01
3.505400000000000205e+02 9.942163029478625624e-01
3.505699999999999932e+02 9.962831652182022601e-01
3.506100000000000136e+02 1.000997063631098749e+00
3.506399999999999864e+02 1.001246402298371363e+00
3.506800000000000068e+02 1.002463419231684805e+00
3.507099999999999795e+02 1.001028244692202307e+00
3.507500000000000000e+02 1.001784929773315014e+00
3.507799999999999727e+02 1.000966658673148268e+00
3.508100000000000023e+02 9.966769735789149376e-01
3.508500000000000227e+02 9.985030100323656344e-01
3.508799999999999955e+02 9.977310137626891340e-01
3.509200000000000159e+02 9.968753313755132073e-01
3.509499999999999886e+02 9.956142106394174629e-01
3.509900000000000091e+02 9.981398119553462900e-01
3.510199999999999818e+02 9.996799936263336406e-01
3.510500000000000114e+02 1.003497043830453572e+00
3.510899999999999750e+02 1.002399419310210815e+00
3.511200000000000045e+02 1.006242250544797656e+00
3.511600000000000250e+02 1.003848277116908605e+00
3.511899999999999977e+02 1.003222371909590738e+00
3.512200000000000273e+02 1.000646932520327548e+00
3.512599999999999909e+02 9.987901191324912720e-01
3.512900000000000205e+02 9.984193750693804992e-01
3.513299999999999841e+02 9.998793389790400221e-01
3.513600000000000136e+02 9.993820023517959727e-01
3.513899999999999864e+02 9.985856257779254230e-01
3.514300000000000068e+02 9.981210351256141200e-01
3.514599999999999795e+02 1.000736064108315837e+00
3.515000000000000000e+02 9.988526508771047308e-01
3.515299999999999727e+02 1.000487589801464239e+00
3.515600000000000023e+02 9.983986605894392685e-01
3.516000000000000227e+02 1.002638913494872108e+00
3.516299999999999955e+02 1.001176132094504956e+00
3.516700000000000159e+02 9.995425914837173798e-01
3.516999999999999886e+02 9.979929092279828939e-01
3.517300000000000182e+02 9.983653111508054012e-01
3.517699999999999818e+02 9.987279769078779568e-01
3.518000000000000114e+02 9.994557926706649775e-01
3.518399999999999750e+02 9.951137359657590276e-01
3.518700000000000045e+02 9.976743745821805565e-01
3.518999999999999773e+02 1.001158999675218819e+00
3.519399999999999977e+02 1.005699479102629024e+00
3.519700000000000273e+02 1.003200575486751234e+00
3.520000000000000000e+02 9.997484341686072584e-01
3.520400000000000205e+02 9.988261192676602951e-01
3.520699999999999932e+02 1.000241526460613040e+00
3.521100000000000136e+02 1.000867655436149084e+00
3.521399999999999864e+02 9.977568924407249629e-01
3.521700000000000159e+02 1.000064617991334837e+00
3.522099999999999795e+02 9.976678134618572891e-01
3.522400000000000091e+02 1.003099850573292651e+00
3.522699999999999818e+02 9.981823504281741588e-01
3.523100000000000023e+02 1.003859631192731250e+00
3.523399999999999750e+02 9.976071510333616166e-01
3.523799999999999955e+02 1.002011489390545185e+00
3.524100000000000250e+02 9.993499044114952934e-01
3.524399999999999977e+02 1.002803816628085043e+00
3.524800000000000182e+02 1.002634281193385934e+00
3.525099999999999909e+02 9.971731779426411535e-01
3.525400000000000205e+02 9.991647976764367334e-01
3.525799999999999841e+02 9.974431409469378673e-01
3.526100000000000136e+02 1.002943074612859364e+00
3.526399999999999864e+02 1.001302160167835797e+00
3.526800000000000068e+02 9.997342463648217770e-01
3.527099999999999795e+02 9.977162293847077201e-01
3.527400000000000091e+02 9.977296195405134238e-01
3.527799999999999727e+02 9.982629732762078323e-01
3.528100000000000023e+02 9.976802781251502550e-01
3.528500000000000227e+02 9.948850217003996077e-01
3.528799999999999955e+02 9.965139921875518780e-01
3.529100000000000250e+02 9.985568733796249541e-01
3.529499999999999886e+02 1.004899088339869406e+00
3.529800000000000182e+02 1.002598202546828299e+00
3.530099999999999909e+02 1.003849928243059297e+00
3.530500000000000114e+02 9.992767127444260877e-01
3.530799999999999841e+02 1.003331212570064412e+00
3.531100000000000136e+02 1.000480691038560410e+00
3.531499999999999773e+02 1.002884655476717679e+00
3.531800000000000068e+02 9.997649497370738603e-01
3.532099999999999795e+02 1.001296927200416409e+00
3.532500000000000000e+02 1.001189706800093893e+00
3.532799999999999727e+02 1.000917403055581856e+00
3.533100000000000023e+02 9.989078239085359412e-01
3.533500000000000227e+02 9.948823315129149414e-01
3.533799999999999955e+02 9.939378052068940095e-01
3.534100000000000250e+02 9.943362932593200476e-01
3.534499999999999886e+02 9.960052633811463663e-01
3.534800000000000182e+02 9.981839117931589067e-01
3.535099999999999909e+02 1.001522667295024371e+00
3.535500000000000114e+02 1.003445444994470082e+00
3.535799999999999841e+02 1.003844694239536928e+00
3.536100000000000136e+02 1.003249567704731282e+00
3.536499999999999773e+02 1.004538211162760764e+00
3.536800000000000068e+02 1.003267479250177896e+00
3.537099999999999795e+02 1.002149988352553978e+00
3.537500000000000000e+02 9.971046193417461012e-01
3.537799999999999727e+02 9.992789400339509021e-01
3.538100000000000023e+02 9.971935401693764467e-01
3.538500000000000227e+02 9.967201958035820653e-01
3.538799999999999955e+02 9.966902138857532956e-01
3.539100000000000250e+02 9.989796240920245651e-01
3.539499999999999886e+02 1.000161538995919974e+00
3.539800000000000182e+02 9.997805428342546596e-01
3.540099999999999909e+02 9.986614831303575190e-01
3.540400000000000205e+02 1.000899381737383909e+00
3.540799999999999841e+02 1.002710966782226487e+00
3.541100000000000136e+02 1.001859452280039697e+00
3.541399999999999864e+02 9.989139575819954153e-01
3.541800000000000068e+02 9.965886858093789824e-01
3.542099999999999795e+02 9.952194605219155665e-01
3.542400000000000091e+02 9.988055549881733608e-01
3.542799999999999727e+02 9.947150664185957503e-01
3.543100000000000023e+02 9.983553243079215100e-01
3.543399999999999750e+02 9.988649376256749646e-01
3.543799999999999955e+02 1.003426820661003971e+00
3.544100000000000250e+02 1.003801799538806883e+00
3.544399999999999977e+02 1.002068777905252395e+00
3.544700000000000273e+02 1.000510577104975374e+00
3.545099999999999909e+02 1.000653735201741501e+00
3.545400000000000205e+02 9.998679819287841219e-01
3.545699999999999932e+02 9.997072460589181420e-01
3.546100000000000136e+02 9.976314655983563595e-01
3.546399999999999864e+02 1.001085042779521928e+00
3.546700000000000159e+02 1.000727187543950292e+00
3.546999999999999886e+02 9.992990139362885049e-01
3.547400000000000091e+02 9.972838627794954336e-01
3.547699999999999818e+02 1.001615064010178857e+00
3.548000000000000114e+02 1.001358637660615392e+00
3.548399999999999750e+02 1.001338712073436721e+00
3.548700000000000045e+02 1.001773261042637753e+00
3.548999999999999773e+02 1.003172416954871249e+00
3.549300000000000068e+02 1.001029561601685325e+00
3.549700000000000273e+02 9.982245531522955240e-01
3.550000000000000000e+02 9.969495163798445247e-01
3.550299999999999727e+02 9.978987884525251095e-01
3.550699999999999932e+02 9.968613900973819497e-01
3.551000000000000227e+02 9.966140518570609785e-01
3.551299999999999955e+02 9.994838444079928719e-01
3.551600000000000250e+02 1.000909317086540185e+00
3.551999999999999886e+02 1.000823185903609858e+00
3.552300000000000182e+02 9.999301450029004501e-01
3.552599999999999909e+02 9.994070932240877170e-01
3.552900000000000205e+02 1.001575429269446316e+00
3.553299999999999841e+02 1.000340062600938884e+00
3.553600000000000136e+02 1.000685381448207067e+00
3.553899999999999864e+02 9.990331113290805698e-01
3.554300000000000068e+02 9.978140480619656083e-01
3.554599999999999795e+02 9.980340456622097678e-01
3.554900000000000091e+02 9.988289949037767457e-01
3.555199999999999818e+02 9.988011689949329863e-01
3.555600000000000023e+02 9.968234957723530743e-01
3.555899999999999750e+02 1.002006896892152277e+00
3.556200000000000045e+02 1.001306082242635398e+00
3.556499999999999773e+02 1.001960170729651933e+00
3.556899999999999977e+02 9.972818245623141786e-01
3.557200000000000273e+02 9.998707851290185022e-01
3.557500000000000000e+02 9.993721258445171785e-01
3.557799999999999727e+02 1.001360343117349005e+00
3.558199999999999932e+02 1.000385907078054082e+00
3.558500000000000227e+02 1.000462014936738697e+00
3.558799999999999955e+02 9.965158323968624776e-01
3.559100000000000250e+02 9.942159243437108662e-01
3.559499999999999886e+02 9.961478232481179029e-01
3.559800000000000182e+02 9.964371215981883134e-01
3.560099999999999909e+02 9.981121235594676566e-01
3.560400000000000205e+02 9.952391542014108472e-01
3.560799999999999841e+02 9.997857417342405073e-01
3.561100000000000136e+02 1.001247635032528560e+00
3.561399999999999864e+02 1.004222917062996601e+00
3.561700000000000159e+02 1.001934777161602508e+00
3.562099999999999795e+02 1.001492862053778632e+00
3.562400000000000091e+02 1.000543507671416421e+00
3.562699999999999818e+02 1.001648266659622921e+00
3.563000000000000114e+02 9.999587166107951619e-01
3.563299999999999841e+02 9.997726521171432790e-01
3.563700000000000045e+02 9.997422483133991955e-01
3.563999999999999773e+02 1.001340883244432156e+00
3.564300000000000068e+02 1.001709474891248508e+00
3.564599999999999795e+02 9.987255443335661953e-01
3.565000000000000000e+02 9.971330882008293539e-01
3.565299999999999727e+02 9.968665809630364860e-01
3.565600000000000023e+02 9.959051081862144716e-01
3.565899999999999750e+02 9.971407900369076982e-01
3.566299999999999955e+02 9.968313078973061181e-01
3.566600000000000250e+02 1.002376301822698323e+00
3.566899999999999977e+02 1.002714112333743302e+00
3.567200000000000273e+02 1.002595557031179974e+00
3.567500000000000000e+02 9.993924251405285064e-01
3.567900000000000205e+02 1.000094814209694372e+00
3.568199999999999932e+02 9.996177169100819437e-01
3.568500000000000227e+02 1.002218921179805600e+00
3.568799999999999955e+02 9.984871011522851170e-01
3.569100000000000250e+02 1.000750645697887631e+00
3.569499999999999886e+02 9.992728366590337696e-01
3.569800000000000182e+02 1.003624454783186737e+00
3.570099999999999909e+02 1.000304845841158530e+00
3.570400000000000205e+02 1.000609862035123809e+00
3.570799999999999841e+02 9.979627831337073429e-01
3.571100000000000136e+02 1.000384576867173747e+00
3.571399999999999864e+02 9.974391331583403186e-01
3.571700000000000159e+02 9.968270477571788968e-01
3.571999999999999886e+02 9.949774860194492421e-01
3.572400000000000091e+02 9.968245447745593957e-01
3.572699999999999818e+02 9.963884091098177409e-01
3.573000000000000114e+02 9.974595543808953968e-01
3.573299999999999841e+02 9.999815198130892480e-01
3.573600000000000136e+02 9.990517914866781091e-01
3.573999999999999773e+02 1.000397215980494803e+00
3.574300000000000068e+02 9.982305627093658318e-01
3.574599999999999795e+02 1.001722520135325922e+00
3.574900000000000091e+02 1.001645511719947645e+00
3.575199999999999818e+02 1.000459234344678316e+00
3.575500000000000114e+02 9.986484856739856752e-01
3.575899999999999750e+02 9.983455936760424754e-01
3.576200000000000045e+02 9.982676503220802022e-01
3.576499999999999773e+02 9.994536292832776336e-01
3.576800000000000068e+02 1.000466987204931879e+00
3.577099999999999795e+02 9.990670975336247706e-01
3.577500000000000000e+02 9.990936001102793673e-01
3.577799999999999727e+02 9.981432890876914543e-01
3.578100000000000023e+02 1.001701863918985635e+00
3.578399999999999750e+02 1.001357600746214604e+00
3.578700000000000045e+02 1.001827952679141376e+00
3.578999999999999773e+02 1.001656446293911040e+00
3.579399999999999977e+02 1.001964463797418770e+00
3.579700000000000273e+02 1.000258271313244629e+00
3.580000000000000000e+02 9.986101849345093706e-01
3.580299999999999727e+02 9.974677388841570735e-01
3.580600000000000023e+02 9.963205893982853834e-01
3.581000000000000227e+02 9.977459197357514409e-01
3.581299999999999955e+02 1.001459390923630455e+00
3.581600000000000250e+02 1.001232720920421260e+00
3.581899999999999977e+02 9.998166528100067563e-01
3.582200000000000273e+02 9.971210876874848639e-01
3.582500000000000000e+02 9.972189590253321967e-01
3.582799999999999727e+02 9.977152955680544943e-01
3.583199999999999932e+02 1.000231132427129799e+00
3.583500000000000227e+02 1.000539040847966854e+00
3.583799999999999955e+02 1.000584304017640092e+00
3.584100000000000250e+02 9.957525252999894771e-01
3.584399999999999977e+02 9.984778565738388068e-01
3.584700000000000273e+02 9.975075666581502132e-01
3.585099999999999909e+02 9.999841566422850159e-01
3.585400000000000205e+02 9.984933414599579393e-01
3.585699999999999932e+02 1.001136962700585276e+00
3.586000000000000227e+02 1.002750214485782276e+00
3.586299999999999955e+02 1.002554425684969663e+00
3.586600000000000250e+02 1.002283661281998084e+00
3.586999999999999886e+02 1.002756157212291610e+00
3.587300000000000182e+02 1.000119182516150396e+00
3.587599999999999909e+02 9.980020535569896767e-01
3.587900000000000205e+02 9.952757882079168450e-01
3.588199999999999932e+02 9.972366804490609971e-01
3.588500000000000227e+02 9.989279517812201803e-01
3.588799999999999955e+02 9.989051705953421179e-01
3.589200000000000159e+02 9.989129171800683604e-01
3.589499999999999886e+02 9.972641816579866925e-01
3.589800000000000182e+02 9.978536134466261531e-01
3.590099999999999909e+02 9.993302189331216834e-01
3.590400000000000205e+02 9.982471913093741156e-01
3.590699999999999932e+02 9.977064874337915334e-01
3.591000000000000227e+02 9.977641162487659310e-01
3.591299999999999955e+02 9.984060308594940869e-01
3.591700000000000159e+02 9.985713948267448403e-01
3.591999999999999886e+02 9.985163384261253050e-01
3.592300000000000182e+02 9.999075806895135754e-01
3.592599999999999909e+02 1.002502799162686697e+00
3.592900000000000205e+02 1.002786216150423515e+00
3.593199999999999932e+02 1.005108463888463532e+00
3.593500000000000227e+02 1.004989145382408688e+00
3.593799999999999955e+02 1.002468174039505611e+00
3.594200000000000159e+02 1.000779297591743333e+00
3.594499999999999886e+02 9.971419853335844463e-01
3.594800000000000182e+02 9.980780616447557652e-01
3.595099999999999909e+02 9.969205503533064006e-01
3.595400000000000205e+02 9.976025466870440672e-01
3.595699999999999932e+02 9.979121907049954832e-01
3.596000000000000227e+02 9.961424968806198432e-01
3.596299999999999955e+02 9.984683192464792745e-01
3.596700000000000159e+02 9.991222247780120469e-01
3.596999999999999886e+02 1.001467428231883172e+00
3.597300000000000182e+02 1.001409043156876510e+00
3.597599999999999909e+02 1.000462460735702663e+00
3.597900000000000205e+02 1.000283083324292388e+00
3.598199999999999932e+02 1.000393744448826450e+00
3.598500000000000227e+02 9.992939847238142548e-01
3.598799999999999955e+02 1.000122097376474395e+00
3.599100000000000250e+02 9.979177839272939110e-01
3.599399999999999977e+02 9.967690793162771179e-01
3.599800000000000182e+02 9.959852429217829206e-01
3.600099999999999909e+02 9.961345628629468818e-01
3.600400000000000205e+02 9.995763531872522423e-01
3.600699999999999932e+02 1.000259266340850495e+00
3.601000000000000227e+02 1.000942333919986549e+00
3.601299999999999955e+02 9.995965535675886970e-01
3.601600000000000250e+02 9.975857864047487089e-01
3.601899999999999977e+02 9.985831852009908749e-01
3.602200000000000273e+02 1.000176237234629228e+00
3.602500000000000000e+02 1.000643087292579780e+00
3.602900000000000205e+02 9.989335746767978863e-01
3.603199999999999932e+02 1.000406226188694792e+00
3.603500000000000227e+02 9.994987596168207755e-01
3.603799999999999955e+02 1.000392679889767322e+00
3.604100000000000250e+02 9.984186145194580142e-01
3.604399999999999977e+02 9.998902329435448433e-01
3.604700000000000273e+02 1.001477790813321667e+00
3.605000000000000000e+02 1.000938825081599592e+00
3.605299999999999727e+02 1.001250088876886712e+00
3.605600000000000023e+02 1.000329119815671630e+00
3.605899999999999750e+02 9.976576602566958885e-01
3.606200000000000045e+02 9.973142395645989700e-01
3.606600000000000250e+02 9.960996224818802203e-01
3.606899999999999977e+02 9.972707689402215969e-01
3.607200000000000273e+02 9.987982439334200935e-01
3.607500000000000000e+02 9.989956733298726022e-01
3.607799999999999727e+02 9.982086090176122140e-01
3.608100000000000023e+02 9.976285522518961724e-01
3.608399999999999750e+02 1.000357305073219738e+00
3.608700000000000045e+02 1.002957234787172247e+00
3.608999999999999773e+02 1.003463911227934435e+00
3.609300000000000068e+02 9.990991161522950748e-01
3.609599999999999795e+02 1.000111814355231887e+00
3.609900000000000091e+02 1.001040366149384075e+00
3.610199999999999818e+02 1.002445637140683576e+00
3.610500000000000114e+02 1.001416454538672562e+00
3.610799999999999841e+02 9.988331861133211698e-01
3.611200000000000045e+02 9.981969278551171554e-01
3.611499999999999773e+02 9.966810649570658764e-01
3.611800000000000068e+02 9.987055252068870459e-01
3.612099999999999795e+02 1.001479392283998848e+00
3.612400000000000091e+02 1.004001066182438118e+00
3.612699999999999818e+02 1.000149047449308215e+00
3.613000000000000114e+02 9.986812051769680121e-01
3.613299999999999841e+02 9.965011501826447349e-01
3.613600000000000136e+02 9.977913477338505865e-01
3.613899999999999864e+02 9.986339584752361720e-01
3.614200000000000159e+02 9.986409794338417800e-01
3.614499999999999886e+02 9.987636519258786816e-01
3.614800000000000182e+02 9.963672879587129882e-01
3.615099999999999909e+02 9.960429987320957856e-01
3.615400000000000205e+02 9.972640478876149128e-01
3.615699999999999932e+02 9.984186667464658438e-01
3.616000000000000227e+02 1.002482556444423301e+00
3.616299999999999955e+02 1.002401854875154763e+00
3.616600000000000250e+02 1.002939244050245593e+00
3.616899999999999977e+02 1.000974521360041836e+00
3.617200000000000273e+02 9.997340939706951257e-01
3.617500000000000000e+02 1.000110887666403547e+00
3.617900000000000205e+02 9.954000513428953312e-01
3.618199999999999932e+02 9.961767766366387278e-01
3.618500000000000227e+02 9.952389017862736109e-01
3.618799999999999955e+02 9.993199300771513638e-01
3.619100000000000250e+02 1.000486666655964418e+00
3.619399999999999977e+02 1.000670283169784680e+00
3.619700000000000273e+02 1.001862872691044126e+00
3.620000000000000000e+02 1.000703950963787614e+00
3.620299999999999727e+02 1.001874394548016634e+00
3.620600000000000023e+02 9.998184656751757382e-01
3.620899999999999750e+02 1.000148191423483324e+00
3.621200000000000045e+02 9.988264545885380263e-01
3.621499999999999773e+02 1.000725596272835416e+00
3.621800000000000068e+02 1.000338801519939036e+00
3.622099999999999795e+02 1.002018693519102444e+00
3.622400000000000091e+02 9.986672307655969361e-01
3.622699999999999818e+02 9.989108830048130105e-01
3.623000000000000114e+02 9.969381527987294378e-01
3.623299999999999841e+02 9.963355004772497248e-01
3.623600000000000136e+02 9.984046186265848055e-01
3.623899999999999864e+02 1.000865631495246877e+00
3.624200000000000159e+02 1.004654114313387359e+00
3.624499999999999886e+02 1.004065104620346593e+00
3.624800000000000182e+02 1.001070816186544032e+00
3.625099999999999909e+02 1.000287064389972613e+00
3.625400000000000205e+02 9.984230952604656872e-01
3.625699999999999932e+02 9.987469535548876287e-01
3.626000000000000227e+02 9.978987206825080669e-01
3.626299999999999955e+02 9.973316955528261918e-01
3.626600000000000250e+02 9.967806483594887634e-01
3.626899999999999977e+02 9.975960482332163481e-01
3.627200000000000273e+02 9.970396929211184922e-01
3.627500000000000000e+02 9.996123730715932298e-01
3.627799999999999727e+02 1.001678264512219307e+00
3.628100000000000023e+02 1.003793090138191069e+00
3.628399999999999750e+02 1.002546634157749805e+00
3.628700000000000045e+02 9.999577993532104969e-01
3.628999999999999773e+02 1.000471803411315141e+00
3.629300000000000068e+02 9.999550189361623431e-01
3.629599999999999795e+02 9.988746074782016704e-01
3.629900000000000091e+02 9.983401452147790955e-01
3.630199999999999818e+02 9.977031173190374913e-01
3.630500000000000114e+02 9.969789150758771035e-01
3.630799999999999841e+02 9.988009181842593120e-01
3.631100000000000136e+02 9.996528457617759322e-01
3.631399999999999864e+02 1.000656759482934977e+00
3.631700000000000159e+02 9.978500452733525261e-01
3.631999999999999886e+02 9.983129682677926997e-01
3.632300000000000182e+02 9.991864710715360198e-01
3.632599999999999909e+02 1.001282274281528384e+00
3.632900000000000205e+02 1.003728717496451983e+00
3.633199999999999932e+02 1.005522031591280063e+00
3.633500000000000227e+02 1.005708114867288172e+00
3.633799999999999955e+02 1.002404209585652906e+00
3.634100000000000250e+02 1.001126997842727073e+00
3.634399999999999977e+02 9.958231089730438246e-01
3.634700000000000273e+02 9.929237939313302341e-01
3.635000000000000000e+02 9.950197286693764909e-01
3.635199999999999818e+02 9.954513794491014478e-01
3.635500000000000114e+02 9.976024659432360941e-01
3.635799999999999841e+02 9.955094319867285879e-01
3.636100000000000136e+02 9.990443242853450645e-01
3.636399999999999864e+02 1.002030399849543008e+00
3.636700000000000159e+02 1.001227277438071495e+00
3.636999999999999886e+02 9.999384682461563978e-01
3.637300000000000182e+02 9.970928131928735727e-01
3.637599999999999909e+02 9.978687523696506689e-01
3.637900000000000205e+02 1.000587340040405282e+00
3.638199999999999932e+02 1.002828703913748676e+00
3.638500000000000227e+02 1.004723679420471250e+00
3.638799999999999955e+02 1.003969858299727402e+00
3.639100000000000250e+02 1.003988564830424091e+00
3.639399999999999977e+02 1.001606161825327135e+00
3.639700000000000273e+02 1.000020904632966889e+00
3.640000000000000000e+02 9.984856018224296248e-01
3.640299999999999727e+02 9.978102662233562237e-01
3.640600000000000023e+02 9.979125646655322424e-01
3.640899999999999750e+02 9.971457301409467622e-01
3.641200000000000045e+02 9.980835268787889847e-01
3.641399999999999864e+02 9.979395618232992371e-01
3.641700000000000159e+02 9.990956823291410327e-01
3.641999999999999886e+02 1.000053510612418206e+00
3.642300000000000182e+02 1.000170954933658596e+00
3.642599999999999909e+02 9.991831784368063740e-01
3.642900000000000205e+02 9.978131051390523032e-01
3.643199999999999932e+02 1.000718229925293024e+00
3.643500000000000227e+02 1.000896252747447646e+00
3.643799999999999955e+02 9.988877149222625818e-01
3.644100000000000250e+02 9.977077488032465302e-01
3.644399999999999977e+02 1.000153203129047430e+00
3.644700000000000273e+02 1.004258909948712919e+00
3.645000000000000000e+02 1.004340588475650664e+00
3.645299999999999727e+02 1.003285193633741246e+00
3.645600000000000023e+02 1.000048232730035513e+00
3.645799999999999841e+02 9.972889903647282894e-01
3.646100000000000136e+02 9.986409937524802771e-01
3.646399999999999864e+02 1.000830303564822277e+00
3.646700000000000159e+02 1.003842010276205343e+00
3.646999999999999886e+02 9.992954893442631548e-01
3.647300000000000182e+02 9.967777041547103423e-01
3.647599999999999909e+02 9.938998973071642151e-01
3.647900000000000205e+02 9.936835350479097384e-01
3.648199999999999932e+02 9.947407722776362426e-01
3.648500000000000227e+02 9.958739657280339941e-01
3.648799999999999955e+02 9.984100500213909379e-01
3.649100000000000250e+02 1.001052109481542995e+00
3.649300000000000068e+02 1.003856267013494952e+00
3.649599999999999795e+02 1.004690110895078536e+00
3.649900000000000091e+02 1.002059403527016279e+00
3.650199999999999818e+02 1.000644813537218791e+00
3.650500000000000114e+02 1.000352949668530611e+00
3.650799999999999841e+02 1.001840057969390907e+00
3.651100000000000136e+02 1.000810840069367380e+00
3.651399999999999864e+02 1.002261767563876749e+00
3.651700000000000159e+02 9.998558192523779864e-01
3.651999999999999886e+02 9.981842406594103601e-01
3.652300000000000182e+02 9.933867122329242960e-01
3.652500000000000000e+02 9.966818732093575273e-01
3.652799999999999727e+02 9.984684446904820154e-01
3.653100000000000023e+02 1.003030037596480462e+00
3.653399999999999750e+02 1.000477713658699308e+00
3.653700000000000045e+02 1.002178230079280308e+00
3.653999999999999773e+02 1.001575758655541826e+00
3.654300000000000068e+02 1.005073351058572095e+00
3.654599999999999795e+02 1.003729507587103775e+00
3.654900000000000091e+02 1.003882621222017768e+00
3.655099999999999909e+02 1.002763451744337786e+00
3.655400000000000205e+02 1.003241888161951811e+00
3.655699999999999932e+02 1.002664093451887783e+00
3.656000000000000227e+02 9.986525855314100086e-01
3.656299999999999955e+02 9.964409337499852137e-01
3.656600000000000250e+02 9.960240168119646187e-01
3.656899999999999977e+02 9.996678096859230589e-01
3.657200000000000273e+02 9.974987773895153120e-01
3.657400000000000091e+02 9.970911863103911754e-01
3.657699999999999818e+02 9.961675178089614002e-01
3.658000000000000114e+02 9.976634978207861160e-01
3.658299999999999841e+02 9.965428430454634778e-01
3.658600000000000136e+02 9.959267755206944184e-01
3.658899999999999864e+02 9.977808693241971838e-01
3.659200000000000159e+02 9.986099198336024774e-01
3.659499999999999886e+02 9.988506144606112969e-01
3.659700000000000273e+02 9.982334522074168826e-01
3.660000000000000000e+02 9.998181896632359900e-01
3.660299999999999727e+02 1.002421564290174150e+00
3.660600000000000023e+02 1.001451667462983197e+00
3.660899999999999750e+02 1.000902322202695371e+00
3.661200000000000045e+02 1.000183470842101130e+00
3.661499999999999773e+02 1.003722111505528147e+00
3.661800000000000068e+02 1.002468708730108071e+00
3.661999999999999886e+02 1.003095433063795783e+00
3.662300000000000182e+02 1.002919945345970065e+00
3.662599999999999909e+02 1.003910035069932816e+00
3.662900000000000205e+02 9.996242296833287577e-01
3.663199999999999932e+02 9.961705168034374891e-01
3.663500000000000227e+02 9.937779860338393778e-01
3.663799999999999955e+02 9.954119622865507111e-01
3.663999999999999773e+02 9.968749518447850289e-01
3.664300000000000068e+02 9.985881556972945328e-01
3.664599999999999795e+02 9.990437066107946684e-01
3.664900000000000091e+02 1.000705789147664504e+00
3.665199999999999818e+02 1.004039586327470035e+00
3.665500000000000114e+02 1.006112875305237297e+00
3.665699999999999932e+02 1.005191172743381101e+00
3.666000000000000227e+02 1.002824282660832456e+00
3.666299999999999955e+02 1.001850749816306729e+00
3.666600000000000250e+02 1.002681047128896275e+00
3.666899999999999977e+02 1.003675679946846477e+00
3.667200000000000273e+02 1.001764702958754860e+00
3.667400000000000091e+02 9.986897174749371775e-01
3.667699999999999818e+02 9.969172907741267187e-01
3.668000000000000114e+02 9.972971960579289918e-01
3.668299999999999841e+02 9.985017288354673948e-01
3.668600000000000136e+02 9.989407613681020592e-01
3.668899999999999864e+02 9.977539630390811487e-01
3.669100000000000250e+02 9.977841661803312778e-01
3.669399999999999977e+02 9.966714743348772387e-01
3.669700000000000273e+02 9.968580831786676422e-01
3.670000000000000000e+02 9.971798244607540385e-01
3.670299999999999727e+02 9.976994569923307576e-01
3.670600000000000023e+02 9.976409188996281374e-01
3.670799999999999841e+02 9.994869039522141785e-01
3.671100000000000136e+02 9.992051732212788862e-01
3.671399999999999864e+02 1.001904362997911413e+00
3.671700000000000159e+02 9.993420657189318046e-01
3.671999999999999886e+02 1.002604660530836078e+00
3.672300000000000182e+02 1.003302196240793309e+00
3.672500000000000000e+02 1.004539650244109739e+00
3.672799999999999727e+02 1.002628399162372785e+00
3.673100000000000023e+02 1.001033931148162193e+00
3.673399999999999750e+02 9.981339014361250150e-01
3.673700000000000045e+02 9.969013841771645623e-01
3.673899999999999864e+02 9.919661399274994906e-01
3.674200000000000159e+02 9.943997662402254134e-01
3.674499999999999886e+02 9.946575745047352424e-01
3.674800000000000182e+02 9.987706880312593460e-01
3.675099999999999909e+02 9.990795264851463076e-01
3.675299999999999727e+02 1.000901622371270117e+00
3.675600000000000023e+02 1.004312064339968780e+00
3.675899999999999750e+02 1.005028402175689228e+00
3.676200000000000045e+02 1.006874280654765030e+00
3.676499999999999773e+02 1.008428572193012851e+00
3.676700000000000159e+02 1.010049295602446051e+00
3.676999999999999886e+02 1.006685239922265884e+00
3.677300000000000182e+02 1.002455941013453478e+00
3.677599999999999909e+02 1.004472431507849484e+00
3.677900000000000205e+02 1.002999291052655506e+00
3.678100000000000023e+02 1.001971318107532261e+00
3.678399999999999750e+02 9.950940032686000913e-01
3.678700000000000045e+02 9.961583628072749885e-01
3.678999999999999773e+02 9.965171783421475915e-01
3.679300000000000068e+02 1.000097661305397789e+00
3.679499999999999886e+02 1.004524721049636415e+00
3.679800000000000182e+02 1.002386100971312866e+00
3.680099999999999909e+02 9.992090783836492518e-01
3.680400000000000205e+02 9.975759062513461783e-01
3.680600000000000023e+02 1.003176398807557934e+00
3.680899999999999750e+02 1.005270074200489638e+00
3.681200000000000045e+02 1.001230266723064144e+00
3.681499999999999773e+02 9.989634538677798492e-01
3.681800000000000068e+02 9.984728246836918064e-01
3.681999999999999886e+02 9.997141212948758016e-01
3.682300000000000182e+02 1.000012900128244286e+00
3.682599999999999909e+02 1.000820245141472942e+00
3.682900000000000205e+02 1.001677663942518226e+00
3.683100000000000023e+02 9.988524731566593706e-01
3.683399999999999750e+02 9.957436784954633024e-01
3.683700000000000045e+02 9.972113537970433983e-01
3.683999999999999773e+02 9.965210992848412275e-01
3.684300000000000068e+02 9.956876537851913067e-01
3.684499999999999886e+02 9.928098165691129351e-01
3.684800000000000182e+02 9.944540278027632629e-01
3.685099999999999909e+02 9.960572127165401302e-01
3.685400000000000205e+02 9.958132609614700481e-01
3.685600000000000023e+02 9.971522215219901231e-01
3.685899999999999750e+02 9.978830029859181439e-01
3.686200000000000045e+02 1.001666332181188945e+00
3.686499999999999773e+02 1.001566725686181547e+00
3.686700000000000159e+02 1.002282687831320906e+00
3.686999999999999886e+02 1.001055893516147988e+00
3.687300000000000182e+02 1.002085354623899249e+00
3.687599999999999909e+02 1.001803172937147712e+00
3.687799999999999727e+02 9.993767600680748542e-01
3.688100000000000023e+02 9.985284649408975310e-01
3.688399999999999750e+02 1.000038317379444042e+00
3.688700000000000045e+02 1.003793144581009988e+00
3.688899999999999864e+02 1.000481399262529436e+00
3.689200000000000159e+02 9.989770777411367542e-01
3.689499999999999886e+02 9.941428268965141202e-01
3.689800000000000182e+02 9.962059580117690327e-01
3.690000000000000000e+02 9.954247374844775731e-01
3.690299999999999727e+02 9.959294894851670188e-01
3.690600000000000023e+02 9.951227421887410829e-01
3.690899999999999750e+02 9.984703410757561626e-01
3.691100000000000136e+02 9.973238895683399496e-01
3.691399999999999864e+02 9.992635918087183766e-01
3.691700000000000159e+02 9.989043288702467160e-01
3.691999999999999886e+02 1.003510669912831332e+00
3.692200000000000273e+02 1.002470683693862830e+00
3.692500000000000000e+02 1.002193186442076556e+00
3.692799999999999727e+02 1.001452817200539913e+00
3.693000000000000114e+02 1.005151551211127536e+00
3.693299999999999841e+02 1.006871819815790214e+00
3.693600000000000136e+02 1.005918586124017633e+00
3.693899999999999864e+02 1.003660796565140512e+00
3.694100000000000250e+02 1.003042589325602529e+00
3.694399999999999977e+02 1.002176891678514092e+00
3.694700000000000273e+02 1.000291885475623088e+00
3.694900000000000091e+02 9.976472498789542565e-01
3.695199999999999818e+02 9.986027994535514596e-01
3.695500000000000114e+02 1.002754015686825984e+00
3.695799999999999841e+02 1.000864132405811402e+00
3.696000000000000227e+02 1.004384330377201318e+00
3.696299999999999955e+02 1.001653568113952453e+00
3.696600000000000250e+02 1.005841730311177074e+00
3.696899999999999977e+02 1.004129214408451931e+00
3.697099999999999795e+02 1.005400056454034852e+00
3.697400000000000091e+02 1.005001614215235817e+00
3.697699999999999818e+02 1.003846805251218388e+00
3.697900000000000205e+02 1.001889705443417267e+00
3.698199999999999932e+02 1.000922705867357099e+00
3.698500000000000227e+02 9.996468061547276740e-01
3.698700000000000045e+02 1.000246194446911652e+00
3.698999999999999773e+02 9.981572089527093183e-01
3.699300000000000068e+02 9.970034078033090941e-01
3.699599999999999795e+02 9.934014621906495091e-01
3.699800000000000182e+02 9.894010304199750694e-01
