# Flat spectrum for USB2+H07121
# Wavelength (nm),       Flat Response
2.820407288269550463e+02 1.002751349118282453e+00
2.821344796672928510e+02 9.951529691744372963e-01
2.822282127466542079e+02 9.961139543423480625e-01
2.823219280650392307e+02 1.008150271206802007e+00
2.824156256224478057e+02 1.001547349321980196e+00
2.825093054188800465e+02 9.942151640993840411e-01
2.826029674543358396e+02 9.990570447732491921e-01
2.826966117288152418e+02 1.004633473462045457e+00
2.827902382423181962e+02 9.979818728090540381e-01
2.828838469948448164e+02 9.982927255499752794e-01
2.829774379863949889e+02 9.999986925034650698e-01
2.830710112169687704e+02 1.001267006027300344e+00
2.831645666865662179e+02 1.002878231704876555e+00
2.832581043951872175e+02 1.001268331712465987e+00
2.833516243428318262e+02 9.891056729849594387e-01
2.834451265295000439e+02 1.005469240349301741e+00
2.835386109551918139e+02 1.001416178428562898e+00
2.836320776199072498e+02 9.938686385939968781e-01
2.837255265236462378e+02 1.003151528989025154e+00
2.838189576664088349e+02 1.007035081172944491e+00
2.839123710481950411e+02 9.945020846034096085e-01
2.840057666690047995e+02 9.959790295906890689e-01
2.840991445288382238e+02 1.003602905208863971e+00
2.841925046276952003e+02 1.007534962477085072e+00
2.842858469655757858e+02 9.945368575204961425e-01
2.843791715424799804e+02 9.994382215408220693e-01
2.844724783584077841e+02 9.967791115784913059e-01
2.845657674133591968e+02 1.001974608018489921e+00
2.846590387073342185e+02 1.004603130029067648e+00
2.847522922403328494e+02 9.970390571636511545e-01
2.848455280123550324e+02 9.986821014604637670e-01
2.849387460234008245e+02 1.000353097293591675e+00
2.850319462734702256e+02 9.993684257644024349e-01
2.851251287625632358e+02 1.000014125193303016e+00
2.852182934906797982e+02 9.971785434566967643e-01
2.853114404578200265e+02 1.004206542273762715e+00
2.854045696639838070e+02 1.005945359478059631e+00
2.854976811091711966e+02 9.951362970842243527e-01
2.855907747933821952e+02 9.966496736998835537e-01
2.856838507166168029e+02 1.000751891095986723e+00
2.857769088788750196e+02 9.964464491353038911e-01
2.858699492801567885e+02 1.000923630676854970e+00
2.859629719204622234e+02 1.004192469456389958e+00
2.860559767997912104e+02 1.003413603190241643e+00
2.861489639181438065e+02 9.948470441819805554e-01
2.862419332755200116e+02 1.004489472280348572e+00
2.863348848719198259e+02 1.000385719100175708e+00
2.864278187073431923e+02 9.951169914813312589e-01
2.865207347817902246e+02 9.959482669423278534e-01
2.866136330952608091e+02 9.954625027937050730e-01
2.867065136477550027e+02 1.009004673675221397e+00
2.867993764392728053e+02 1.002461751459562622e+00
2.868922214698142170e+02 9.995679294619533861e-01
2.869850487393791809e+02 1.000530120870609219e+00
2.870778582479678107e+02 9.932763779016665628e-01
2.871706499955800496e+02 1.007240652727464436e+00
2.872634239822158406e+02 9.923617107057558506e-01
2.873561802078752407e+02 1.001451812000255348e+00
2.874489186725582499e+02 1.006927470977838412e+00
2.875416393762648113e+02 1.000075065725672063e+00
2.876343423189950386e+02 1.002185331820317549e+00
2.877270275007488181e+02 9.960129427705541882e-01
2.878196949215262066e+02 9.980905220253221133e-01
2.879123445813272042e+02 9.996569739954402900e-01
2.880049764801518108e+02 9.990201887423550975e-01
2.880975906180000266e+02 9.994035366764060235e-01
2.881901869948717945e+02 1.000498495461066062e+00
2.882827656107671714e+02 1.001806794584574334e+00
2.883753264656862143e+02 9.974974677567790549e-01
2.884678695596288094e+02 1.002152029556532487e+00
2.885603948925950135e+02 9.995966396116712227e-01
2.886529024645848267e+02 1.000347022946626696e+00
2.887453922755982489e+02 1.003509722702215390e+00
2.888378643256352234e+02 9.990837725201111574e-01
2.889303186146958069e+02 9.928902409716298116e-01
2.890227551427799995e+02 1.006243457925479312e+00
2.891151739098878011e+02 9.968432190824197958e-01
2.892075749160192117e+02 9.972834794603209208e-01
2.892999581611742315e+02 1.005991083626541993e+00
2.893923236453528034e+02 9.980213073883399399e-01
2.894846713685549844e+02 1.004208228032677175e+00
2.895770013307807744e+02 9.945465993822879547e-01
2.896693135320301735e+02 9.991980480158686451e-01
2.897616079723032385e+02 1.004214695565461168e+00
2.898538846515998557e+02 9.987160000690196160e-01
2.899461435699200251e+02 1.001553777829990777e+00
2.900383847272638036e+02 9.943636727835328815e-01
2.901306081236312480e+02 9.983320468153616956e-01
2.902228137590222445e+02 1.007978110661813531e+00
2.903150016334367933e+02 9.988382448941627301e-01
2.904071717468750080e+02 9.929828847407645709e-01
2.904993240993368318e+02 1.003589539304778677e+00
2.905914586908222077e+02 1.000503255903131494e+00
2.906835755213311927e+02 9.974604732137976049e-01
2.907756745908637868e+02 1.004167389778990005e+00
2.908677558994199899e+02 1.006160567848047638e+00
2.909598194469998020e+02 9.949868640014206678e-01
2.910518652336032233e+02 9.981195320068867449e-01
2.911438932592302535e+02 9.996510755115771696e-01
2.912359035238808360e+02 9.938930423830385497e-01
2.913278960275550276e+02 1.009555948289484251e+00
2.914198707702528282e+02 9.980519722958700601e-01
2.915118277519742378e+02 9.950975507685918542e-01
2.916037669727191997e+02 1.005164536827125588e+00
2.916956884324878274e+02 9.994843834991992138e-01
2.917875921312800074e+02 9.994521066229131723e-01
2.918794780690957964e+02 1.000930668373720245e+00
2.919713462459351945e+02 9.942193391985261197e-01
2.920631966617982016e+02 1.004825696434331617e+00
2.921550293166848178e+02 1.000772616560571260e+00
2.922468442105949862e+02 9.975039143211704706e-01
2.923386413435288205e+02 9.997537045209839990e-01
2.924304207154862638e+02 9.961885959744185559e-01
2.925221823264672594e+02 1.007181844303362661e+00
2.926139261764718071e+02 1.001431529686036326e+00
2.927056522655000208e+02 9.986662399597222572e-01
2.927973605935518435e+02 1.002618822485195516e+00
2.928890511606272185e+02 9.963795907034823651e-01
2.929807239667262024e+02 9.967321982698426064e-01
2.930723790118487955e+02 1.002023765409447487e+00
2.931640162959949976e+02 9.953098889526903470e-01
2.932556358191648087e+02 1.007589441618704340e+00
2.933472375813581721e+02 9.991472057372609017e-01
2.934388215825752013e+02 9.942599875953881394e-01
2.935303878228157828e+02 1.004796146672871426e+00
2.936219363020800301e+02 1.005589579203636452e+00
2.937134670203678297e+02 9.930593623653052315e-01
2.938049799776792383e+02 9.980338633255322334e-01
2.938964751740142560e+02 1.003074130924439977e+00
2.939879526093728259e+02 1.001588098253990866e+00
2.940794122837550049e+02 9.969929302798032911e-01
2.941708541971607929e+02 1.006316965959249687e+00
2.942622783495901899e+02 9.962702498558525521e-01
2.943536847410431960e+02 9.954483894725418835e-01
2.944450733715198112e+02 1.008948517717865423e+00
2.945364442410199786e+02 9.959239107597053220e-01
2.946277973495438118e+02 9.959349292294938927e-01
2.947191326970911973e+02 1.000204913782332783e+00
2.948104502836622487e+02 9.953388233185054279e-01
2.949017501092568523e+02 1.009078489110004861e+00
2.949930321738750081e+02 1.001061013204075145e+00
2.950842964775168298e+02 9.949841562521446470e-01
2.951755430201822037e+02 1.002175236404431846e+00
2.952667718018712435e+02 9.970345679348997514e-01
2.953579828225838355e+02 1.002567324138279981e+00
2.954491760823200366e+02 9.942479606852181462e-01
2.955403515810797899e+02 1.001412845224283643e+00
2.956315093188632090e+02 1.004589945453131739e+00
2.957226492956701804e+02 1.001175113251118631e+00
2.958137715115008177e+02 9.981676123519841459e-01
2.959048759663550072e+02 1.001225580426466255e+00
2.959959626602328058e+02 9.972248392694643693e-01
2.960870315931342134e+02 9.998555678434245531e-01
2.961780827650592300e+02 1.004166058521748006e+00
2.962691161760078558e+02 9.971738433109685884e-01
2.963601318259800337e+02 1.003483353917190124e+00
2.964511297149758207e+02 9.974094677120193264e-01
2.965421098429952167e+02 9.992677443101892765e-01
2.966330722100382218e+02 9.984022676971761046e-01
2.967240168161048359e+02 9.994805352034427104e-01
2.968149436611950023e+02 1.002815297661722393e+00
2.969058527453088345e+02 1.000108465639766520e+00
2.969967440684462190e+02 1.003368434447764468e+00
2.970876176306072125e+02 9.996337806101001089e-01
2.971784734317918151e+02 9.944849295853648297e-01
2.972693114719999699e+02 9.963553711597412654e-01
2.973601317512318474e+02 1.003905855483604004e+00
2.974509342694872203e+02 9.999781544945938183e-01
2.975417190267662590e+02 1.005605927501098451e+00
2.976324860230688500e+02 9.959043309630039031e-01
2.977232352583950501e+02 1.004866939689621930e+00
2.978139667327448024e+02 9.991637678720084459e-01
2.979046804461182205e+02 9.961911774422432808e-01
2.979953763985151909e+02 9.978459883711059408e-01
2.980860545899358272e+02 9.970388212073886258e-01
2.981767150203800156e+02 1.006461378176443322e+00
2.982673576898478132e+02 1.000814474074259719e+00
2.983579825983392197e+02 1.001624668092933490e+00
2.984485897458541785e+02 9.966649929646894668e-01
2.985391791323928032e+02 9.943927381420376577e-01
2.986297507579550370e+02 1.006390035729184174e+00
2.987203046225408229e+02 1.001526976543673175e+00
2.988108407261502180e+02 9.955191149548229257e-01
2.989013590687832220e+02 1.003633221240596285e+00
2.989918596504398351e+02 1.000380258988018856e+00
2.990823424711200005e+02 9.964830256648775642e-01
2.991728075308238317e+02 1.001552225763441495e+00
2.992632548295512152e+02 9.969526108154531663e-01
2.993536843673022076e+02 1.002869876380896308e+00
2.994440961440768092e+02 1.001316949921858157e+00
2.995344901598750198e+02 1.002758814740858151e+00
2.996248664146967826e+02 9.957667329078807583e-01
2.997152249085422113e+02 1.001788548673383072e+00
2.998055656414112491e+02 1.003615545678684384e+00
2.998958886133038391e+02 9.934705708975224425e-01
2.999861938242200381e+02 9.981168021693616055e-01
3.000764812741598462e+02 1.001170940956772171e+00
3.001667509631232065e+02 1.000970667663978908e+00
3.002570028911102327e+02 1.003357247271804864e+00
3.003472370581208111e+02 9.979943005529650080e-01
3.004374534641549985e+02 9.988236314073428712e-01
3.005276521092127950e+02 9.961772895834065666e-01
3.006178329932942006e+02 1.003873761011726096e+00
3.007079961163992152e+02 1.005891481807091870e+00
3.007981414785277821e+02 9.978936549141601553e-01
3.008882690796800148e+02 9.999769758032005518e-01
3.009783789198557997e+02 9.979717908668752635e-01
3.010684709990551937e+02 9.952480565561420134e-01
3.011585453172782536e+02 1.004492633720311501e+00
3.012486018745248089e+02 1.000874155657738074e+00
3.013386406707950300e+02 1.001870843803109867e+00
3.014286617060888034e+02 9.926426369726013554e-01
3.015186649804062426e+02 1.005156533271417407e+00
3.016086504937472341e+02 1.002643629981502249e+00
3.016986182461118347e+02 9.927964507033814057e-01
3.017885682374999874e+02 1.006079766846777579e+00
3.018785004679118060e+02 1.001269014547367719e+00
3.019684149373471769e+02 9.946567076838900290e-01
3.020583116458062136e+02 1.003068723189491251e+00
3.021481905932888026e+02 9.974186618434187634e-01
3.022380517797950006e+02 9.997957534942718549e-01
3.023278952053248645e+02 1.001648118575145352e+00
3.024177208698782238e+02 1.000946211810277209e+00
3.025075287734552489e+02 9.955264718695118198e-01
3.025973189160558263e+02 1.001901155929705967e+00
3.026870912976800128e+02 1.004921112785224890e+00
3.027768459183278082e+02 9.990935690940815350e-01
3.028665827779992128e+02 9.993099087344688991e-01
3.029563018766942264e+02 9.966483333059975580e-01
3.030460032144127922e+02 1.000011806353983346e+00
3.031356867911550239e+02 1.003901347559354784e+00
3.032253526069208078e+02 9.999968278512927355e-01
3.033150006617102008e+02 9.980437021077747106e-01
3.034046309555232028e+02 9.953173690907283211e-01
3.034942434883598139e+02 1.008678963404986417e+00
3.035838382602199772e+02 9.959629624707077022e-01
3.036734152711038632e+02 9.978767881607168988e-01
3.037629745210112446e+02 1.005384415338737236e+00
3.038525160099422351e+02 9.966180101378557810e-01
3.039420397378968346e+02 1.004432105810766584e+00
3.040315457048750432e+02 9.942769249753686811e-01
3.041210339108768039e+02 1.000110652728797067e+00
3.042105043559022306e+02 1.001097087625895110e+00
3.042999570399512095e+02 9.973608146663555107e-01
3.043893919630237974e+02 1.007753382883895821e+00
3.044788091251199944e+02 9.925715740652528707e-01
3.045682085262398004e+02 9.982225946955721740e-01
3.046575901663832155e+02 1.009642135298643550e+00
3.047469540455501829e+02 1.000965915255118022e+00
3.048363001637408161e+02 9.931392448948611618e-01
3.049256285209550583e+02 1.000072472265427281e+00
3.050149391171928528e+02 1.003607635440687540e+00
3.051042319524542563e+02 9.993074942561716023e-01
3.051935070267392121e+02 9.964841616978655781e-01
3.052827643400478337e+02 9.975611208982435585e-01
3.053720038923800075e+02 1.003539065973841016e+00
3.054612256837357904e+02 1.000015811062187510e+00
3.055504297141151824e+02 1.000227809839982163e+00
3.056396159835181834e+02 9.999732601105042473e-01
3.057287844919447934e+02 9.967492721691835200e-01
3.058179352393950126e+02 1.002083333811954802e+00
3.059070682258687839e+02 1.002299170345444468e+00
3.059961834513661643e+02 1.002185366403599343e+00
3.060852809158872674e+02 9.981865012453912112e-01
3.061743606194318659e+02 9.989114363880867709e-01
3.062634225620000166e+02 1.002139500224466184e+00
3.063524667435918332e+02 9.978971471118539549e-01
3.064414931642072020e+02 1.002924305644163239e+00
3.065305018238462367e+02 9.964417926800487324e-01
3.066194927225088236e+02 1.004648950581718658e+00
3.067084658601950196e+02 9.974210893981035886e-01
3.067974212369048246e+02 9.918523868442644664e-01
3.068863588526381818e+02 1.002221223501092107e+00
3.069752787073952049e+02 1.010398119433715491e+00
3.070641808011757803e+02 9.934281936906108612e-01
3.071530651339800215e+02 9.974442321941536793e-01
3.072419317058078718e+02 1.004916949995391606e+00
3.073307805166592175e+02 9.991651790256784738e-01
3.074196115665342290e+02 1.002306340462259859e+00
3.075084248554328497e+02 9.966695606939027785e-01
3.075972203833550225e+02 1.000413244425726544e+00
3.076859981503008044e+02 9.999398161667450990e-01
3.077747581562701953e+02 1.000093718097918583e+00
3.078635004012631953e+02 9.961454970810406095e-01
3.079522248852798043e+02 1.002500583729231787e+00
3.080409316083200224e+02 1.001804388553581004e+00
3.081296205703837927e+02 9.967772474814433625e-01
3.082182917714712289e+02 1.004024764001105741e+00
3.083069452115822173e+02 1.000246501558419432e+00
3.083955808907168148e+02 1.003426063113937783e+00
3.084841988088749645e+02 9.984511709470422769e-01
3.085727989660568369e+02 9.913156518895600566e-01
3.086613813622622615e+02 9.987470465659342711e-01
3.087499459974912384e+02 1.007289419602339198e+00
3.088384928717438243e+02 9.986132432461173325e-01
3.089270219850200192e+02 1.006499998700930876e+00
3.090155333373198232e+02 9.959681368756237996e-01
3.091040269286432363e+02 9.938429266395190087e-01
3.091925027589902015e+02 1.003548807722676850e+00
3.092809608283608327e+02 9.998937545381666459e-01
3.093694011367550161e+02 1.002633248431763713e+00
3.094578236841728085e+02 9.993859029568034069e-01
3.095462284706142100e+02 9.946937968512679085e-01
3.096346154960791637e+02 1.003294226371493458e+00
3.097229847605678401e+02 1.003384053013381294e+00
3.098113362640800688e+02 9.938919464049372765e-01
3.098996700066158496e+02 1.003579927858655019e+00
3.099879859881752395e+02 9.991382979532622555e-01
3.100762842087582385e+02 1.003068807529771567e+00
3.101645646683648465e+02 9.996438518130383866e-01
3.102528273669950067e+02 9.981674779169797951e-01
3.103410723046488329e+02 9.992722238870911378e-01
3.104292994813262112e+02 1.001439674303491012e+00
3.105175088970271986e+02 9.977300701397429084e-01
3.106057005517517950e+02 1.000935282869630960e+00
3.106938744455000005e+02 1.006267347633205356e+00
3.107820305782718151e+02 9.962142733302961073e-01
3.108701689500671819e+02 9.946509489553003736e-01
3.109582895608862145e+02 1.002540525588655917e+00
3.110463924107288562e+02 1.001732380525379051e+00
3.111344774995950502e+02 9.955287918908437561e-01
3.112225448274848532e+02 1.002064806339088232e+00
3.113105943943982084e+02 1.003712145891495267e+00
3.113986262003352294e+02 9.998678955777614563e-01
3.114866402452958027e+02 9.913086134985723552e-01
3.115746365292800419e+02 1.004824700771526524e+00
3.116626150522878334e+02 1.006962226004261218e+00
3.117505758143192338e+02 9.984204449460849506e-01
3.118385188153741865e+02 9.954562951626465539e-01
3.119264440554528051e+02 9.907630482921973014e-01
3.120143515345549758e+02 1.012237706485821231e+00
3.121022412526808694e+02 1.004173011129031678e+00
3.121901132098302583e+02 9.939079213134189850e-01
3.122779674060032562e+02 9.991531320181842313e-01
3.123658038411998632e+02 1.002797497088283363e+00
3.124536225154200224e+02 9.987620883479587652e-01
3.125414234286638475e+02 9.968260909455003427e-01
3.126292065809312248e+02 9.998960179558122885e-01
3.127169719722222112e+02 1.003940390480843492e+00
3.128047196025368066e+02 1.003637531578504660e+00
3.128924494718750111e+02 9.937362359566646042e-01
3.129801615802368246e+02 1.002388444054165273e+00
3.130678559276221904e+02 1.002045205797955640e+00
3.131555325140312220e+02 9.988600830530540708e-01
3.132431913394638059e+02 9.971304605715411995e-01
3.133308324039199988e+02 9.975442452917308023e-01
3.134184557073998008e+02 9.930010684331589399e-01
3.135060612499032118e+02 1.009758504852219740e+00
3.135936490314302318e+02 1.008759739080005824e+00
3.136812190519808041e+02 9.934754404863987975e-01
3.137687713115550423e+02 9.936568979700556303e-01
3.138563058101528327e+02 1.005286672603715736e+00
3.139438225477742321e+02 9.979904519132257734e-01
3.140313215244192406e+02 1.002428325025431333e+00
3.141188027400878013e+02 1.000460078942831510e+00
3.142062661947800279e+02 9.998960842997290932e-01
3.142937118884958068e+02 9.996544742363931979e-01
3.143811398212351946e+02 9.980465901673081230e-01
3.144685499929981916e+02 1.002824457536779068e+00
3.145559424037848544e+02 9.981363061969855677e-01
3.146433170535950694e+02 9.998618476506209163e-01
3.147306739424288367e+02 9.991858049585249368e-01
3.148180130702862130e+02 9.987198001817887416e-01
3.149053344371672551e+02 1.002577878197821626e+00
3.149926380430718496e+02 1.001846891196833234e+00
3.150799238879999962e+02 1.000718478814266676e+00
3.151671919719518087e+02 1.000943835469577214e+00
3.152544422949272303e+02 9.943865959669059285e-01
3.153416748569262040e+02 9.963845574245282499e-01
3.154288896579487869e+02 1.007368164256933651e+00
3.155160866979949787e+02 9.987178947964359121e-01
3.156032659770647797e+02 1.000301422974857690e+00
3.156904274951581897e+02 1.000509569590737557e+00
3.157775712522752087e+02 1.000127744518206407e+00
3.158646972484157800e+02 9.968049725188248278e-01
3.159518054835800172e+02 9.998185905015081198e-01
3.160388959577678065e+02 1.004361494467501892e+00
3.161259686709792049e+02 1.006829192590438460e+00
3.162130236232142124e+02 9.915650691977084819e-01
3.163000608144728290e+02 1.000476110434483923e+00
3.163870802447549977e+02 9.979668072290089897e-01
3.164740819140608323e+02 9.973034433230435480e-01
3.165610658223902192e+02 9.983023005484512602e-01
3.166480319697432151e+02 1.000319367169705931e+00
3.167349803561198200e+02 1.003863765892595517e+00
3.168219109815199772e+02 9.966294859938530371e-01
3.169088238459438003e+02 1.012085707563201042e+00
3.169957189493912324e+02 9.919949996663353087e-01
3.170825962918622167e+02 9.969118262384486506e-01
3.171694558733568101e+02 1.001575174189624162e+00
3.172562976938750126e+02 1.006763713314587694e+00
3.173431217534168240e+02 1.000030968258966757e+00
3.174299280519822446e+02 9.884706842583314002e-01
3.175167165895712174e+02 1.005537286504932348e+00
3.176034873661837992e+02 1.007682698414519962e+00
3.176902403818199900e+02 9.971790108844788003e-01
3.177769756364797900e+02 9.955889094106081805e-01
3.178636931301631989e+02 9.981498020638417401e-01
3.179503928628702170e+02 9.947398028867264763e-01
3.180370748346007872e+02 1.005435799651116513e+00
3.181237390453549665e+02 1.006518693974525203e+00
3.182103854951328117e+02 9.997856527973116858e-01
3.182970141839342659e+02 9.969132665385832537e-01
3.183836251117592155e+02 9.979869721241174663e-01
3.184702182786078311e+02 1.001233374121102360e+00
3.185567936844800556e+02 1.002613014100355082e+00
3.186433513293758324e+02 9.984873329472357950e-01
3.187298912132952182e+02 9.956830250287074247e-01
3.188164133362382131e+02 1.001712110888947294e+00
3.189029176982048170e+02 1.000710475844448721e+00
3.189894042991950300e+02 1.000671417291815413e+00
3.190758731392087952e+02 1.003017143866211658e+00
3.191623242182462263e+02 9.975753921631521637e-01
3.192487575363072096e+02 9.967996721901223323e-01
3.193351730933918589e+02 1.003389780806355658e+00
3.194215708895000603e+02 1.001247708752789123e+00
3.195079509246318139e+02 9.959434103954746265e-01
3.195943131987872334e+02 1.001903407876888252e+00
3.196806577119662052e+02 1.000971956175889854e+00
3.197669844641688428e+02 9.967116705363178175e-01
3.198532934553950327e+02 9.965547079984954371e-01
3.199395846856448316e+02 1.006138751028250011e+00
3.200258581549182395e+02 1.000789462548196118e+00
3.201121138632151997e+02 9.964141385030067521e-01
3.201983518105358257e+02 1.001524605072005913e+00
3.202845719968800040e+02 1.002146551566029498e+00
3.203707744222477913e+02 9.955667699222353617e-01
3.204569590866391877e+02 1.003890084935111116e+00
3.205431259900541932e+02 9.986680985673377364e-01
3.206292751324928076e+02 1.003170612145331653e+00
3.207154065139550312e+02 9.982183106903791403e-01
3.208015201344408069e+02 1.001620217887104536e+00
3.208876159939502486e+02 9.959978996580169941e-01
3.209736940924832425e+02 1.000580282978561719e+00
3.210597544300398454e+02 1.002604746948980941e+00
3.211457970066200005e+02 9.924181519816027697e-01
3.212318218222238215e+02 1.004339946547250673e+00
3.213178288768511948e+02 1.002581426332849190e+00
3.214038181705022339e+02 1.001837576720625123e+00
3.214897897031768252e+02 9.997669917620694013e-01
3.215757434748750256e+02 9.951135442937000253e-01
3.216616794855967782e+02 9.982984392182970845e-01
3.217475977353422536e+02 1.002459288303004792e+00
3.218334982241112243e+02 1.001185526235047529e+00
3.219193809519038609e+02 1.003698897708024118e+00
3.220052459187200498e+02 9.947390115256147247e-01
3.220910931245598476e+02 1.006492994926952544e+00
3.221769225694231977e+02 9.967969666502500825e-01
3.222627342533102137e+02 9.964875826800465575e-01
3.223485281762208388e+02 1.003363421373109743e+00
3.224343043381550160e+02 9.965507712354705339e-01
3.225200627391128023e+02 1.000661209572859978e+00
3.226058033790941977e+02 9.977105593212413082e-01
3.226915262580992021e+02 1.003171239078093135e+00
3.227772313761278156e+02 1.005156912836500327e+00
3.228629187331799812e+02 9.930501919845825531e-01
3.229485883292558128e+02 9.977498200396114347e-01
3.230342401643551966e+02 1.000629193241208803e+00
3.231198742384782463e+02 1.003609439359293143e+00
3.232054905516248482e+02 1.005179498275025285e+00
3.232910891037950023e+02 9.980372839166353760e-01
3.233766698949888223e+02 9.904897869175520730e-01
3.234622329252061945e+02 1.003120361489715728e+00
3.235477781944472326e+02 1.008880824647464758e+00
3.236333057027118230e+02 9.963123952184479437e-01
3.237188154500000223e+02 1.001363690655011851e+00
3.238043074363118308e+02 9.942018920937554238e-01
3.238897816616471914e+02 9.986601715096773413e-01
3.239752381260062180e+02 1.002580788898981501e+00
3.240606768293887967e+02 9.989224620060085380e-01
3.241460977717950414e+02 1.001069978724232534e+00
3.242315009532248382e+02 1.000985358695944960e+00
3.243168863736782441e+02 1.003380718872250332e+00
3.244022540331552591e+02 9.959163420538303946e-01
3.244876039316558263e+02 9.979268852482112706e-01
3.245729360691800025e+02 9.981226313303338538e-01
3.246582504457278446e+02 1.007287979443812764e+00
3.247435470612992390e+02 1.000873114873589875e+00
3.248288259158941855e+02 9.979220506820017933e-01
3.249140870095127980e+02 9.989917316303655870e-01
3.249993303421550195e+02 9.938635677469256358e-01
3.250845559138207932e+02 1.003070232584754695e+00
3.251697637245101760e+02 1.005680644319273842e+00
3.252549537742231678e+02 9.960243491890929945e-01
3.253401260629597687e+02 9.971973162481255759e-01
3.254252805907200354e+02 1.003461098272467877e+00
3.255104173575038544e+02 1.000910707855492410e+00
3.255955363633112256e+02 1.005499210838765700e+00
3.256806376081422059e+02 9.948696294285409580e-01
3.257657210919968520e+02 9.993941659319806048e-01
3.258507868148749935e+02 9.976167570810133833e-01
3.259358347767768009e+02 9.996648360878432893e-01
3.260208649777022174e+02 1.001766059139195919e+00
3.261058774176511861e+02 1.002152255242431567e+00
3.261908720966238207e+02 9.963554941591147296e-01
3.262758490146200074e+02 1.003032948585326434e+00
3.263608081716398033e+02 9.978233966056567761e-01
3.264457495676832650e+02 9.985664795936131100e-01
3.265306732027502221e+02 1.001469451272445133e+00
3.266155790768408451e+02 1.002407910232618660e+00
3.267004671899550203e+02 1.002169380954060163e+00
3.267853375420928046e+02 9.953121883198098319e-01
3.268701901332542548e+02 9.991566110458444117e-01
3.269550249634392003e+02 1.000388822471945049e+00
3.270398420326478117e+02 1.001893417415657073e+00
3.271246413408800322e+02 1.000260128302239648e+00
3.272094228881358049e+02 9.965538703983108926e-01
3.272941866744151866e+02 9.991838990366959106e-01
3.273789326997181774e+02 1.007316653814868346e+00
3.274636609640447773e+02 9.934438825962510489e-01
3.275483714673949862e+02 1.000847969588184672e+00
3.276330642097688042e+02 1.002547575433888838e+00
3.277177391911661744e+02 1.005054971809275388e+00
3.278023964115872104e+02 9.924838374400964947e-01
3.278870358710318555e+02 1.000185849441143970e+00
3.279716575695000529e+02 1.004992927938057834e+00
3.280562615069918024e+02 9.967825754604145994e-01
3.281408476835072179e+02 9.960605089763339137e-01
3.282254160990462424e+02 1.005655369463316573e+00
3.283099667536088191e+02 9.965999353920993453e-01
3.283944996471950049e+02 9.975144554300744426e-01
3.284790147798047997e+02 1.001692318740908361e+00
3.285635121514382035e+02 1.002079038755617546e+00
3.286479917620952165e+02 1.003230705823724866e+00
3.287324536117757816e+02 9.974470907629683358e-01
3.288168977004800695e+02 1.001319019045160630e+00
3.289013240282078527e+02 9.974143589561365042e-01
3.289857325949592450e+02 1.000724272904742085e+00
3.290701234007342464e+02 9.984418193372988082e-01
3.291544964455328568e+02 1.000100089234435385e+00
3.292388517293550194e+02 1.003702209267327561e+00
3.293231892522008479e+02 9.987362954083602862e-01
3.294075090140702287e+02 9.977281337065765365e-01
3.294918110149632184e+02 1.005002318676597062e+00
3.295760952548798173e+02 9.939940627908435689e-01
3.296603617338200252e+02 1.002352912638634574e+00
3.297446104517837853e+02 1.000003330110573740e+00
3.298288414087712113e+02 9.998523381940932486e-01
3.299130546047821895e+02 9.983712402730743340e-01
3.299972500398167767e+02 9.990236073540547102e-01
3.300814277138749731e+02 1.004366408263221766e+00
3.301655876269568353e+02 9.977055639101299889e-01
3.302497297790622497e+02 9.998576607427446250e-01
3.303338541701912163e+02 9.994206006203414372e-01
3.304179608003438489e+02 1.002759355461241286e+00
3.305020496695200336e+02 9.943698993435624578e-01
3.305861207777198274e+02 1.002610346252269746e+00
3.306701741249432303e+02 1.006508039092557594e+00
3.307542097111901853e+02 9.978372727834851075e-01
3.308382275364608063e+02 9.937933907508181841e-01
3.309222276007549794e+02 9.992099594530600148e-01
3.310062099040728185e+02 1.002465501723396990e+00
3.310901744464142098e+02 1.002304496427887104e+00
3.311741212277792670e+02 9.985165508075958263e-01
3.312580502481678195e+02 9.988097090549058477e-01
3.313419615075800380e+02 1.000886310579312211e+00
3.314258550060158086e+02 1.004816042204235371e+00
3.315097307434752452e+02 9.977857023038079198e-01
3.315935887199582339e+02 9.941866195388987526e-01
3.316774289354648317e+02 1.004310058113730530e+00
3.317612513899950386e+02 9.993201030173436417e-01
3.318450560835487977e+02 1.001798715954649532e+00
3.319288430161262227e+02 9.987822656518883235e-01
3.320126121877271999e+02 9.945743284784455129e-01
3.320963635983517861e+02 1.005068530184094477e+00
3.321800972479999814e+02 1.006097447059459693e+00
3.322638131366717857e+02 9.916668912510810951e-01
3.323475112643671991e+02 1.001405530254875886e+00
3.324311916310862216e+02 1.002816698302506415e+00
3.325148542368288531e+02 1.001788863829056631e+00
3.325984990815950368e+02 9.931458871222789142e-01
3.326821261653848296e+02 9.994010143028766446e-01
3.327657354881982315e+02 1.008518471365910107e+00
3.328493270500352423e+02 9.930048427683347834e-01
3.329329008508958054e+02 1.002700149208582303e+00
3.330164568907800344e+02 1.000057408709141615e+00
3.330999951696878156e+02 1.002498516407804852e+00
3.331835156876192059e+02 9.952509276509056146e-01
3.332670184445742052e+02 9.990826906233161164e-01
3.333505034405528136e+02 9.998058981837495418e-01
3.334339706755550310e+02 9.993858906953840826e-01
3.335174201495808575e+02 1.009379406430046977e+00
3.336008518626302362e+02 9.963490107303242249e-01
3.336842658147032239e+02 9.967722570594853559e-01
3.337676620057998207e+02 9.981066010885842887e-01
3.338510404359200265e+02 9.999810058156297643e-01
3.339344011050638414e+02 1.005019200787998779e+00
3.340177440132312086e+02 1.004685312236483608e+00
3.341010691604222416e+02 9.926147859527001405e-01
3.341843765466368268e+02 9.991957027063005370e-01
3.342676661718750211e+02 9.981576773540160596e-01
3.343509380361368244e+02 1.004051807442577715e+00
3.344341921394221799e+02 1.000738781210406714e+00
3.345174284817312014e+02 9.945029165215257816e-01
3.346006470630637750e+02 1.003696793824164546e+00
3.346838478834200146e+02 1.000595417281340715e+00
3.347670309427998632e+02 9.999707545072896719e-01
3.348501962412032071e+02 1.000145663936239826e+00
3.349333437786302170e+02 9.992002275394769040e-01
3.350164735550808359e+02 9.986133117255828751e-01
3.350995855705550071e+02 9.985583514330098609e-01
3.351826798250528441e+02 1.004014237820586075e+00
3.352657563185742333e+02 1.002386424361694894e+00
3.353488150511192316e+02 9.914917716876234799e-01
3.354318560226877821e+02 1.009411541457986949e+00
3.355148792332799985e+02 9.963147995727492656e-01
3.355978846828958240e+02 9.941674872431013332e-01
3.356808723715352016e+02 9.992673101092403032e-01
3.357638422991982452e+02 1.008049044700587871e+00
3.358467944658848410e+02 9.998019629563859034e-01
3.359297288715950458e+02 9.996210916537874303e-01
3.360126455163288597e+02 1.001450912202647592e+00
3.360955444000862258e+02 1.000807053458218521e+00
3.361784255228672009e+02 9.942627120403899621e-01
3.362612888846718420e+02 1.001813527889318101e+00
3.363441344855000352e+02 9.968028764646690298e-01
3.364269623253518375e+02 1.002230841457514288e+00
3.365097724042271921e+02 1.001254616347899695e+00
3.365925647221262125e+02 9.988369648340548190e-01
3.366753392790487851e+02 9.988258411366179867e-01
3.367580960749950236e+02 1.001606641552398980e+00
3.368408351099648144e+02 9.978781585997301695e-01
3.369235563839582142e+02 1.003162078465974716e+00
3.370062598969751662e+02 9.995044898783306264e-01
3.370889456490158409e+02 9.996076368887878427e-01
3.371716136400800110e+02 9.993651385775973450e-01
3.372542638701678470e+02 1.001911828541738325e+00
3.373368963392792352e+02 9.956484990898952780e-01
3.374195110474142325e+02 1.004189388227533453e+00
3.375021079945728388e+02 1.001196857839394827e+00
3.375846871807549974e+02 9.942761391485037681e-01
3.376672486059608218e+02 1.002024141517160682e+00
3.377497922701901985e+02 1.003663736429758258e+00
3.378323181734431842e+02 1.000484300932141801e+00
3.379148263157197789e+02 9.939219637229677051e-01
3.379973166970199827e+02 1.003809997664797615e+00
3.380797893173438524e+02 1.001658643987223263e+00
3.381622441766912175e+02 9.961665681660304417e-01
3.382446812750622485e+02 1.003181213404006344e+00
3.383271006124568316e+02 9.973752719416318913e-01
3.384095021888750239e+02 1.002001429001161847e+00
3.384918860043168252e+02 9.975469908735093982e-01
3.385742520587822355e+02 9.999891913591045789e-01
3.386566003522711981e+02 1.008837994663829951e+00
3.387389308847838265e+02 9.939981792486440870e-01
3.388212436563200072e+02 9.901120701220502696e-01
3.389035386668797969e+02 1.005644616259242063e+00
3.389858159164631957e+02 1.003903639228298506e+00
3.390680754050702035e+02 1.001956181978153282e+00
3.391503171327008204e+02 9.990894879244340832e-01
3.392325410993549895e+02 9.986198225652548333e-01
3.393147473050327676e+02 1.002617866940471503e+00
3.393969357497342116e+02 9.969026635541681225e-01
3.394791064334592079e+02 9.972592410894275394e-01
3.395612593562078132e+02 1.000932278413962484e+00
3.396433945179800276e+02 1.000211917104153025e+00
3.397255119187757941e+02 1.000783197650645162e+00
3.398076115585952266e+02 9.978570102125784436e-01
3.398896934374382113e+02 1.002567080032001900e+00
3.399717575553048050e+02 1.001334744748629602e+00
3.400538039121950078e+02 9.984424259522051148e-01
3.401358325081088196e+02 1.000242117123203656e+00
3.402178433430461837e+02 9.988038820792541905e-01
3.402998364170072705e+02 1.000504032725656245e+00
3.403818117299918526e+02 1.001834269442949843e+00
3.404637692820000439e+02 9.974246179301301529e-01
3.405457090730318441e+02 9.977941409146672269e-01
3.406276311030872535e+02 1.000388616363982575e+00
3.407095353721662150e+02 1.005781575819529650e+00
3.407914218802688424e+02 9.979580147689690595e-01
3.408732906273950221e+02 9.987817350619726531e-01
3.409551416135448108e+02 9.980375277492949948e-01
3.410369748387182085e+02 9.973783271291052355e-01
3.411187903029152153e+02 1.004810449946809126e+00
3.412005880061358312e+02 1.001202279127472394e+00
3.412823679483799992e+02 1.000175291581779424e+00
3.413641301296477764e+02 1.007547432749610117e+00
3.414458745499391625e+02 9.940632328804390738e-01
3.415276012092541578e+02 9.966230518299378227e-01
3.416093101075927621e+02 1.003584594370261263e+00
3.416910012449550322e+02 9.978455543544905160e-01
3.417726746213408546e+02 9.978427261652509372e-01
3.418543302367502292e+02 9.972435990611615564e-01
3.419359680911832129e+02 1.000730900432453607e+00
3.420175881846398056e+02 9.993723464214843144e-01
3.420991905171200074e+02 1.005542477456313533e+00
3.421807750886238182e+02 9.971501467618397729e-01
3.422623418991511812e+02 1.003927923392165411e+00
3.423438909487022102e+02 1.001016212153383877e+00
3.424254222372767913e+02 9.960042766268165648e-01
3.425069357648750383e+02 1.000571548617330331e+00
3.425884315314968376e+02 1.000509937315995357e+00
3.426699095371422459e+02 9.969644649365005940e-01
3.427513697818112632e+02 1.002536260855136696e+00
3.428328122655038328e+02 9.970660591353267543e-01
3.429142369882200114e+02 1.001891807641386078e+00
3.429956439499597991e+02 9.986374089199983040e-01
3.430770331507231958e+02 9.993571336153901363e-01
3.431584045905102016e+02 1.005232611438268364e+00
3.432397582693208165e+02 1.000438458586834889e+00
3.433210941871549835e+02 9.963032337262152094e-01
3.434024123440128164e+02 9.993492789042462965e-01
3.434837127398942016e+02 1.002464607294697219e+00
3.435649953747991958e+02 1.005428444023033441e+00
3.436462602487277991e+02 9.931173430602194818e-01
3.437275073616800114e+02 9.975832238710349298e-01
3.438087367136557759e+02 1.002530599591841654e+00
3.438899483046552064e+02 9.989130725335272354e-01
3.439711421346782458e+02 1.001495468374766551e+00
3.440523182037248375e+02 9.973806286583841718e-01
3.441334765117950383e+02 1.002099799851258410e+00
3.442146170588888481e+02 9.990638736347612348e-01
3.442957398450062101e+02 1.001217585577999225e+00
3.443768448701472380e+02 1.001607780046715579e+00
3.444579321343118181e+02 9.959420671674020786e-01
3.445390016375000073e+02 1.002434481295254809e+00
3.446200533797118055e+02 9.993637118855627222e-01
3.447010873609472128e+02 1.000989301046127711e+00
3.447821035812062291e+02 9.988343795707395056e-01
3.448631020404888545e+02 1.000713122084889939e+00
3.449440827387950321e+02 1.001514103914767917e+00
3.450250456761248188e+02 9.973660619070744415e-01
3.451059908524782145e+02 9.991307054502062135e-01
3.451869182678552193e+02 1.002796693307819176e+00
3.452678279222558331e+02 1.000414382037093208e+00
3.453487198156799991e+02 1.000471882740829654e+00
3.454295939481278310e+02 9.943525098973075016e-01
3.455104503195992152e+02 1.003098073506401011e+00
3.455912889300942084e+02 1.000337752431677441e+00
3.456721097796128106e+02 9.986952550577858911e-01
3.457529128681550219e+02 1.002616612913385330e+00
3.458336981957207854e+02 9.965307691359340803e-01
3.459144657623102148e+02 1.000748960979167546e+00
3.459952155679231964e+02 1.001620392411205929e+00
3.460759476125597871e+02 1.002140377596266063e+00
3.461566618962200437e+02 9.974709889310355848e-01
3.462373584189038525e+02 1.000873196980977875e+00
3.463180371806112134e+02 1.000304295049652570e+00
3.463986981813422403e+02 1.001117977842213680e+00
3.464793414210968194e+02 9.995207302630459978e-01
3.465599668998750076e+02 9.990510241822982973e-01
3.466405746176768048e+02 9.959785636417023413e-01
3.467211645745022111e+02 1.004582754850670057e+00
3.468017367703512264e+02 1.000419961431231686e+00
3.468822912052237939e+02 1.001194150619416856e+00
3.469628278791199705e+02 9.970924456179807160e-01
3.470433467920398698e+02 1.000862982776919985e+00
3.471238479439832645e+02 9.989188957732301199e-01
3.472043313349502114e+02 1.000894540076448846e+00
3.472847969649408242e+02 9.935836005687146422e-01
3.473652448339550460e+02 1.001669811138868216e+00
3.474456749419928201e+02 1.002846801253958864e+00
3.475260872890542032e+02 1.001073654522111278e+00
3.476064818751391954e+02 1.003769287931145726e+00
3.476868587002477966e+02 9.991169204545224947e-01
3.477672177643800069e+02 9.943827495677671768e-01
3.478475590675358262e+02 1.004565338082835879e+00
3.479278826097151978e+02 9.998975321228168456e-01
3.480081883909181784e+02 1.001765122767795724e+00
3.480884764111447680e+02 9.991148574106447633e-01
3.481687466703949667e+02 9.994869888402769798e-01
3.482489991686687745e+02 9.996415350789706888e-01
3.483292339059661913e+02 9.985206005757690795e-01
3.484094508822872172e+02 9.962298066705633781e-01
3.484896500976318521e+02 1.005353366010690586e+00
3.485698315520000392e+02 1.000826684285825330e+00
3.486499952453918354e+02 9.963326977435510434e-01
3.487301411778072406e+02 9.981648245539246345e-01
3.488102693492461981e+02 1.005489628675961145e+00
3.488903797597088214e+02 1.000744490674122744e+00
3.489704724091949970e+02 9.950550440979316624e-01
3.490505472977047816e+02 1.001199144280521036e+00
3.491306044252381753e+02 1.002715293343671377e+00
3.492106437917952348e+02 9.973869350915376408e-01
3.492906653973758466e+02 1.001718699100014431e+00
3.493706692419800675e+02 9.972108605699863126e-01
3.494506553256078405e+02 1.001954862058376250e+00
3.495306236482592226e+02 1.000610065813896776e+00
3.496105742099342137e+02 9.992819205614054123e-01
3.496905070106328139e+02 1.002353397762182130e+00
3.497704220503550232e+02 9.939013945212369361e-01
3.498503193291008415e+02 9.996250088322404803e-01
3.499301988468702120e+02 1.003564773630312157e+00
3.500100606036631916e+02 1.004653504375664586e+00
3.500899045994797802e+02 9.965565846416455376e-01
3.501697308343199779e+02 9.979787079178664699e-01
3.502495393081837847e+02 1.001377271493634202e+00
3.503293300210712005e+02 9.995028672263527314e-01
3.504091029729821685e+02 1.000850725476992942e+00
3.504888581639168024e+02 9.953535954187511248e-01
3.505685955938749885e+02 1.003529751834016048e+00
3.506483152628568405e+02 1.007307862191326731e+00
3.507280171708622447e+02 9.949395112773582461e-01
3.508077013178912011e+02 9.957044843572905313e-01
3.508873677039438235e+02 1.003210578571430256e+00
3.509670163290199980e+02 9.995610480793726271e-01
3.510466471931198384e+02 9.963705321012470417e-01
3.511262602962432311e+02 1.004216057002563556e+00
3.512058556383902328e+02 1.003342203267622246e+00
3.512854332195607867e+02 9.989381232637094543e-01
3.513649930397550065e+02 9.973218088324007358e-01
3.514445350989728354e+02 9.978494593383668843e-01
3.515240593972142733e+02 9.986064910878353906e-01
3.516035659344792634e+02 1.005196747665030088e+00
3.516830547107678626e+02 9.960233167430334600e-01
3.517625257260800140e+02 1.003309789508953331e+00
3.518419789804158313e+02 9.942457643005909729e-01
3.519214144737752008e+02 9.990034764762082409e-01
3.520008322061582362e+02 1.006985742552356733e+00
3.520802321775648238e+02 1.002757201247761021e+00
3.521596143879950205e+02 9.988484347859738488e-01
3.522389788374488262e+02 9.991368927335890771e-01
3.523183255259261841e+02 1.001024808576010727e+00
3.523976544534272080e+02 9.962181674883913152e-01
3.524769656199517840e+02 9.991035733765211146e-01
3.525562590254999691e+02 1.002680509461790104e+00
3.526355346700717632e+02 1.000567725482442327e+00
3.527147925536671664e+02 9.971651347964638479e-01
3.527940326762862355e+02 1.000455777032956517e+00
3.528732550379288568e+02 9.980910111286523945e-01
3.529524596385950304e+02 1.002075741568415834e+00
3.530316464782848129e+02 1.002509230647613103e+00
3.531108155569982046e+02 1.000674348777881528e+00
3.531899668747352052e+02 9.989822427509736924e-01
3.532691004314958150e+02 9.978811217236764897e-01
3.533482162272800338e+02 9.973369289853706299e-01
3.534273142620878048e+02 1.005934373071369237e+00
3.535063945359191848e+02 1.001430238377603255e+00
3.535854570487741739e+02 9.933759653357803199e-01
3.536645018006528289e+02 9.999659230643800356e-01
3.537435287915550362e+02 1.002729015322902262e+00
3.538225380214808524e+02 1.000030521341500833e+00
3.539015294904302209e+02 9.998615096514865686e-01
3.539805031984032553e+02 1.000256294903364429e+00
3.540594591453998419e+02 1.000923876716087735e+00
3.541383973314200375e+02 1.001298403116578806e+00
3.542173177564638422e+02 9.981169583328831640e-01
3.542962204205311991e+02 1.001039588682929082e+00
3.543751053236222219e+02 9.965986995998228348e-01
3.544539724657367969e+02 1.001537722145808162e+00
3.545328218468749810e+02 1.002875618729617724e+00
3.546116534670367741e+02 1.000436551299608956e+00
3.546904673262221763e+02 9.956367863302865162e-01
3.547692634244311876e+02 9.988862859317713117e-01
3.548480417616638078e+02 9.999686220018976224e-01
3.549268023379199803e+02 9.996337784580685559e-01
3.550055451531998187e+02 1.002018866159416266e+00
3.550842702075032093e+02 1.003242951275199246e+00
3.551629775008302090e+02 9.993303210205822795e-01
3.552416670331808177e+02 9.975107543481449568e-01
3.553203388045550355e+02 1.001678158400002294e+00
3.553989928149528055e+02 9.996329420350680284e-01
3.554776290643741845e+02 1.001096761647930933e+00
3.555562475528192294e+02 9.957783994265031469e-01
3.556348482802878266e+02 1.001006582816769130e+00
3.557134312467799759e+02 1.003261520935970763e+00
3.557919964522958480e+02 9.984097129599983633e-01
3.558705438968352723e+02 1.002649590999423967e+00
3.559490735803982489e+02 9.970241432457521702e-01
3.560275855029848344e+02 9.953676868094167851e-01
3.561060796645950290e+02 1.008620950325246568e+00
3.561845560652288327e+02 9.978772868730365619e-01
3.562630147048862455e+02 9.969419919182904710e-01
3.563414555835672104e+02 1.002886462419564806e+00
3.564198787012718412e+02 1.001609640290645142e+00
3.564982840580000243e+02 9.974195475956529888e-01
3.565766716537518164e+02 9.924700235201817655e-01
3.566550414885272176e+02 1.008578627737014566e+00
3.567333935623262278e+02 1.000614162839119858e+00
3.568117278751487902e+02 9.987318104984413969e-01
3.568900444269950185e+02 9.989224694813324534e-01
3.569683432178647990e+02 1.000794484469608836e+00
3.570466242477581886e+02 9.938222287854258097e-01
3.571248875166751873e+02 1.004539945548523994e+00
3.572031330246158518e+02 1.007483848694234574e+00
3.572813607715800117e+02 9.990875375635557276e-01
3.573595707575678375e+02 9.910455447626386194e-01
3.574377629825792155e+02 9.990424262151152979e-01
3.575159374466142026e+02 1.007542034656116581e+00
3.575940941496727987e+02 1.001116465322908766e+00
3.576722330917550039e+02 9.930909010963480110e-01
3.577503542728608181e+02 1.001348843934643407e+00
3.578284576929901846e+02 1.003265638461380060e+00
3.579065433521432169e+02 1.000639106025079883e+00
3.579846112503198583e+02 9.973906261593996625e-01
3.580626613875200519e+02 9.983879229831881252e-01
3.581406937637438546e+02 1.001224177453740039e+00
3.582187083789912094e+02 1.000085581416292113e+00
3.582967052332622302e+02 9.976934962639713023e-01
3.583746843265568032e+02 1.000881229398688177e+00
3.584526456588750420e+02 1.004765052856724461e+00
3.585305892302168331e+02 9.989093047304238304e-01
3.586085150405822333e+02 1.002337787524625767e+00
3.586864230899711856e+02 9.976708098143071135e-01
3.587643133783838039e+02 9.974874175418724231e-01
3.588421859058200312e+02 9.952853973167518076e-01
3.589200406722798107e+02 1.007119063475452991e+00
3.589978776777631992e+02 1.004624201577653642e+00
3.590756969222701969e+02 9.905657659653182012e-01
3.591534984058008035e+02 1.000529939572973426e+00
3.592312821283549624e+02 1.002481668594136233e+00
3.593090480899328441e+02 1.002097200095125817e+00
3.593867962905342210e+02 1.002517482227144319e+00
3.594645267301592071e+02 9.958140445679504182e-01
3.595422394088078022e+02 9.984379470253602618e-01
3.596199343264800063e+02 1.004446163267378456e+00
3.596976114831758196e+02 9.951691329139237263e-01
3.597752708788951850e+02 9.994435050799191922e-01
3.598529125136382163e+02 1.006770872094520319e+00
3.599305363874047998e+02 9.968489178658552774e-01
3.600081425001949924e+02 9.949225464155860843e-01
3.600857308520087940e+02 1.004539398350946744e+00
3.601633014428462616e+02 1.004660250452639625e+00
3.602408542727072245e+02 9.946273520979664884e-01
3.603183893415918533e+02 9.999560460746387269e-01
3.603959066495000343e+02 9.996324803681025939e-01
3.604734061964318244e+02 1.000633260252374424e+00
3.605508879823872235e+02 1.000465061809915790e+00
3.606283520073662316e+02 9.996299435140030276e-01
3.607057982713688489e+02 9.977694701637895847e-01
3.607832267743950183e+02 1.004609724960267902e+00
3.608606375164447968e+02 9.979190433733271526e-01
3.609380304975181843e+02 9.992315207389734777e-01
3.610154057176151809e+02 9.995615160322746107e-01
3.610927631767357866e+02 9.995047343758706182e-01
3.611701028748800013e+02 1.002768312623649516e+00
3.612474248120477682e+02 9.976926146062665701e-01
3.613247289882392010e+02 9.966193701491306012e-01
3.614020154034541861e+02 1.005852895964797877e+00
3.614792840576928370e+02 1.002654018350508380e+00
3.615565349509550401e+02 9.949670053260174507e-01
3.616337680832408523e+02 1.003896163564116595e+00
3.617109834545502167e+02 9.997390922063259522e-01
3.617881810648832470e+02 9.940080379048477077e-01
3.618653609142398295e+02 1.000013033767265469e+00
3.619425230026200211e+02 1.006532879905755573e+00
3.620196673300238217e+02 1.001487452132846734e+00
3.620967938964512314e+02 9.974474266054389471e-01
3.621739027019021933e+02 9.966287311231722956e-01
3.622509937463768779e+02 1.000298959300734092e+00
3.623280670298750579e+02 1.002553886396187144e+00
3.624051225523968469e+02 9.977964880415187698e-01
3.624821603139422450e+02 9.979434393772345091e-01
3.625591803145112522e+02 9.999709279420930796e-01
3.626361825541038115e+02 1.001482384973488626e+00
3.627131670327200368e+02 1.004204238969492291e+00
3.627901337503598143e+02 9.979951984173148771e-01
3.628670827070232008e+02 9.997220585698376460e-01
3.629440139027101964e+02 1.000689026506730306e+00
3.630209273374208010e+02 1.002054409545548586e+00
3.630978230111550147e+02 9.937559969921566649e-01
3.631747009239127806e+02 1.004409397938758053e+00
3.632515610756942124e+02 9.976586704862564492e-01
3.633284034664991964e+02 9.974182886088418520e-01
3.634052280963277894e+02 1.003157199480987360e+00
3.634820349651799916e+02 1.002705322469598093e+00
3.635588240730558027e+02 1.000732957674896451e+00
3.636355954199552230e+02 9.964740564947929258e-01
3.637123490058782522e+02 9.969418111147105854e-01
3.637890848308248337e+02 1.002946809220784941e+00
3.638658028947950243e+02 1.003922910397676116e+00
3.639425031977888239e+02 9.975651508615323015e-01
3.640191857398062325e+02 1.000503531458245332e+00
3.640958505208471934e+02 9.964271131619290012e-01
3.641724975409118201e+02 9.980179773390166487e-01
3.642491267999999991e+02 1.003301812038621454e+00
3.643257382981117871e+02 9.990524099222534149e-01
3.644023320352472410e+02 1.003592327091099357e+00
3.644789080114062472e+02 1.000348252037407404e+00
3.645554662265888624e+02 9.953897362554787742e-01
3.646320066807950298e+02 1.002739607238574138e+00
3.647085293740248062e+02 9.998487933796532667e-01
3.647850343062782486e+02 1.000326846539387970e+00
3.648615214775552431e+02 1.000487793745991283e+00
3.649379908878558467e+02 1.000411906080888036e+00
3.650144425371800025e+02 9.973374085050165094e-01
3.650908764255278243e+02 9.952551691354598606e-01
3.651672925528991982e+02 1.002971777768410844e+00
3.652436909192941812e+02 1.005086838147586148e+00
3.653200715247128301e+02 1.000043359222093864e+00
3.653964343691549743e+02 9.964442738589126547e-01
3.654727794526207845e+02 9.985141466635465424e-01
3.655491067751102037e+02 1.004925875025388660e+00
3.656254163366231751e+02 9.972263210932308386e-01
3.657017081371598124e+02 1.000524662217929350e+00
3.657779821767200588e+02 9.981619891412878420e-01
3.658542384553038573e+02 1.000397536840236912e+00
3.659304769729112081e+02 1.002593608219097820e+00
3.660066977295422248e+02 1.000311109502358242e+00
3.660829007251967937e+02 9.995872470169976376e-01
3.661590859598750285e+02 1.000438521309251483e+00
3.662352534335768155e+02 9.999183875252816156e-01
3.663114031463022116e+02 9.970731373210661719e-01
3.663875350980512167e+02 1.002665038760047755e+00
3.664636492888237740e+02 1.000714672329634070e+00
3.665397457186200540e+02 1.000359230095982044e+00
3.666158243874398295e+02 9.951863783168314326e-01
3.666918852952832140e+02 1.003255025576270443e+00
3.667679284421502643e+02 9.966456771529140779e-01
3.668439538280408101e+02 1.002443966784638985e+00
3.669199614529550217e+02 9.995822947586240348e-01
3.669959513168928424e+02 9.977322402529422707e-01
3.670719234198542154e+02 9.990257386681808960e-01
3.671478777618391973e+02 9.990425208970529214e-01
3.672238143428477883e+02 9.981391344160855938e-01
3.672997331628799884e+02 1.005082897465205072e+00
3.673756342219357975e+02 1.006869355335552108e+00
3.674515175200152157e+02 1.000294469955970822e+00
3.675273830571181861e+02 9.990125473855384630e-01
3.676032308332447656e+02 1.000330501894310276e+00
3.676790608483950109e+02 1.001364377561433816e+00
3.677548731025688085e+02 9.969845755598764070e-01
3.678306675957662151e+02 9.969357202449801170e-01
3.679064443279872307e+02 1.000962100881843897e+00
3.679822032992318555e+02 1.002702635399238318e+00
3.680579445095000324e+02 1.000660278834543560e+00
3.681336679587918184e+02 9.974774133132116027e-01
3.682093736471072134e+02 9.977042959345665540e-01
3.682850615744462175e+02 1.003017275690756271e+00
3.683607317408088306e+02 1.001685800274036309e+00
3.684363841461949960e+02 9.964708883395388961e-01
3.685120187906047704e+02 1.000421756209767921e+00
3.685876356740382676e+02 9.967884739270290728e-01
3.686632347964952601e+02 9.991187362888345191e-01
3.687388161579758616e+02 9.983130424938634340e-01
3.688143797584800154e+02 9.972501683235635017e-01
3.688899255980078351e+02 1.001358615832866228e+00
3.689654536765592070e+02 1.000389732090417150e+00
3.690409639941342448e+02 1.008162553773319647e+00
3.691164565507328348e+02 1.004432417131710720e+00
3.691919313463550338e+02 9.940982478618429763e-01
3.692673883810008419e+02 1.000518616838267150e+00
3.693428276546702023e+02 1.005096762731032989e+00
3.694182491673632285e+02 1.004309875993419920e+00
3.694936529190798069e+02 9.939067454363278431e-01
3.695690389098199944e+02 1.001938200456701678e+00
3.696444071395837909e+02 9.962436715088361927e-01
3.697197576083711965e+02 9.952853586199028602e-01
3.697950903161822112e+02 1.003897351905858937e+00
3.698704052630167780e+02 9.997514871385166924e-01
3.699457024488750108e+02 9.970660258449054458e-01
3.700209818737568526e+02 1.002053990594132582e+00
3.700962435376622466e+02 9.972139970159416000e-01
3.701714874405912497e+02 1.000656146650586553e+00
3.702467135825438049e+02 1.000441933921780713e+00
3.703219219635200261e+02 1.002760228674387744e+00
3.703971125835197995e+02 9.998552749179946408e-01
3.704722854425431819e+02 9.991420818154146399e-01
3.705474405405901734e+02 9.990158537586982801e-01
3.706225778776607740e+02 1.000848346931127342e+00
3.706976974537550404e+02 1.001139350127926431e+00
3.707727992688728591e+02 9.966393955164627450e-01
3.708478833230142300e+02 9.972464557498008642e-01
3.709229496161792667e+02 1.007753501447120614e+00
3.709979981483678557e+02 9.961672427526793161e-01
3.710730289195800538e+02 9.940592668675579668e-01
3.711480419298158040e+02 1.002448361321729209e+00
3.712230371790752201e+02 1.002908845817938266e+00
3.712980146673581885e+02 1.002915874721197698e+00
3.713729743946648227e+02 1.001891722410031216e+00
3.714479163609950092e+02 9.970616744972966572e-01
3.715228405663488047e+02 9.958885242998668508e-01
3.715977470107262093e+02 1.004306175116727928e+00
3.716726356941272229e+02 1.004551714489831715e+00
3.717475066165517887e+02 9.911072383350919557e-01
3.718223597779999636e+02 1.002079914355081369e+00
3.718971951784718044e+02 1.004125464524867617e+00
3.719720128179672543e+02 9.989826794101789309e-01
3.720468126964862563e+02 9.997251608427686342e-01
3.721215948140288106e+02 9.979346126060792965e-01
3.721963591705950307e+02 9.976260518866320037e-01
3.722711057661848031e+02 1.001852349698278521e+00
3.723458346007982414e+02 1.004254059395133236e+00
3.724205456744352318e+02 9.945863677157724680e-01
3.724952389870958314e+02 1.003777869828672120e+00
3.725699145387799831e+02 1.001524946518970394e+00
3.726445723294878007e+02 9.968842126098411693e-01
3.727192123592191706e+02 9.986700669355736970e-01
3.727938346279742632e+02 9.993877562478233889e-01
3.728684391357528511e+02 1.001259707413574507e+00
3.729430258825550482e+02 1.002561692330947274e+00
3.730175948683808542e+02 9.984761275602908048e-01
3.730921460932302125e+02 9.974267519274294669e-01
3.731666795571032367e+02 1.001759003254482749e+00
3.732411952599998131e+02 1.000955381842804748e+00
3.733156932019199985e+02 9.992868761179751758e-01
3.733901733828637930e+02 9.982471055103567803e-01
3.734646358028311965e+02 1.002631234128686488e+00
3.735390804618222091e+02 9.999306756694718024e-01
3.736135073598368308e+02 9.975189161006245975e-01
3.736879164968750047e+02 1.002046473712284502e+00
3.737623078729367876e+02 9.972301156759983964e-01
3.738366814880221796e+02 1.003455136346887544e+00
3.739110373421311806e+02 9.992132358346790255e-01
3.739853754352637907e+02 1.002972066429012932e+00
3.740596957674200098e+02 9.997402901526027952e-01
3.741339983385998380e+02 9.974380839806112897e-01
3.742082831488032184e+02 1.001782830033053351e+00
3.742825501980302079e+02 9.965450370255169998e-01
3.743567994862808064e+02 9.998458136832929499e-01
3.744310310135550139e+02 9.988475319284996212e-01
3.745052447798528306e+02 1.003020305702437165e+00
3.745794407851741994e+02 1.002688858426348917e+00
3.746536190295191773e+02 9.958790852297620955e-01
3.747277795128878211e+02 9.955133858698667071e-01
3.748019222352800739e+02 1.002728709925902795e+00
3.748760471966958221e+02 1.004354053640738931e+00
3.749501543971352362e+02 9.950136947494977457e-01
3.750242438365982593e+02 1.003266275732673130e+00
3.750983155150848347e+02 1.001852348650528635e+00
3.751723694325950191e+02 9.929443578544556726e-01
3.752464055891288126e+02 9.984082649293005707e-01
3.753204239846862151e+02 1.003135824991415070e+00
3.753944246192672267e+02 1.000503449222852170e+00
3.754684074928717905e+02 1.006463335208763299e+00
3.755423726055000202e+02 1.004249457333868056e+00
3.756163199571518021e+02 9.959407929675466731e-01
3.756902495478271931e+02 9.991072851649449582e-01
3.757641613775261931e+02 1.000299987859827100e+00
3.758380554462488021e+02 9.985278483747513922e-01
3.759119317539949634e+02 9.983757498508477601e-01
3.759857903007647906e+02 1.003372114942570725e+00
3.760596310865581700e+02 9.997243315104005212e-01
3.761334541113752152e+02 9.975235097253331018e-01
3.762072593752158127e+02 9.991278054742975812e-01
3.762810468780800193e+02 9.981351284350651332e-01
3.763548166199678349e+02 1.001778504160391936e+00
3.764285686008792027e+02 1.003074458953056469e+00
3.765023028208142364e+02 9.964505253464602808e-01
3.765760192797728223e+02 9.972932571766016663e-01
3.766497179777550173e+02 1.001919712764457904e+00
3.767233989147608213e+02 1.003179308511477519e+00
3.767970620907901775e+02 1.004156085630965922e+00
3.768707075058432565e+02 9.933322284195286178e-01
3.769443351599198309e+02 1.000320565607797363e+00
3.770179450530200711e+02 9.979249557862435172e-01
3.770915371851438636e+02 9.985591467660860365e-01
3.771651115562912082e+02 1.007307099055041011e+00
3.772386681664622188e+02 9.955480975926881415e-01
3.773122070156568384e+02 1.001700385608567778e+00
3.773857281038750102e+02 1.003650802343935444e+00
3.774592314311167911e+02 9.987933132088581134e-01
3.775327169973822379e+02 9.959943088178347947e-01
3.776061848026712369e+02 9.991025819124891294e-01
3.776796348469837881e+02 1.000895731091207219e+00
3.777530671303200052e+02 9.981378389713357890e-01
3.778264816526797745e+02 1.000888220337752932e+00
3.778998784140632097e+02 9.990310704078401161e-01
3.779732574144701971e+02 9.981944753563410933e-01
3.780466186539007936e+02 1.002792286841454272e+00
3.781199621323550559e+02 9.999443156100851215e-01
3.781932878498328137e+02 1.000797482329800703e+00
3.782665958063342373e+02 1.005216212803608622e+00
3.783398860018592131e+02 9.979864181078097474e-01
3.784131584364077980e+02 9.988921302070525865e-01
3.784864131099799920e+02 9.956971684228371755e-01
3.785596500225757950e+02 1.000812586655460912e+00
3.786328691741952071e+02 9.956724475733106372e-01
3.787060705648382282e+02 9.981748853609168082e-01
3.787792541945048015e+02 9.982941518367699496e-01
3.788524200631949839e+02 1.003723306168365914e+00
3.789255681709088321e+02 1.000521724811993751e+00
3.789986985176462326e+02 1.000303496971083339e+00
3.790718111034072422e+02 1.007104462590061589e+00
3.791449059281918608e+02 9.992579953246245594e-01
3.792179829920000316e+02 1.005007110462534436e+00
3.792910422948318114e+02 1.005540029116034351e+00
3.793640838366872003e+02 9.977065275059706639e-01
3.794371076175661983e+02 1.005233310497255284e+00
3.795101136374688053e+02 9.931590576621165400e-01
3.795831018963950214e+02 9.949416204854667489e-01
3.796560723943447897e+02 1.000027501862950752e+00
3.797290251313182239e+02 9.953790903291880321e-01
3.798019601073152103e+02 1.003076157454017014e+00
3.798748773223358057e+02 1.003889705971533486e+00
3.799477767763800102e+02 9.975773917197429119e-01
3.800206584694477669e+02 9.995077616767098494e-01
3.800935224015391896e+02 9.942074779559626485e-01
3.801663685726542212e+02 9.943330500188883869e-01
3.802391969827928051e+02 1.002020570719967862e+00
3.803120076319550549e+02 1.006244972353861566e+00
3.803848005201408000e+02 1.003793512846956171e+00
3.804575756473502111e+02 9.930891823534279128e-01
3.805303330135832311e+02 1.000782783404404963e+00
3.806030726188398035e+02 1.006506920961114382e+00
3.806757944631199848e+02 1.005336998892268685e+00
3.807484985464237752e+02 1.001680843722016601e+00
3.808211848687511747e+02 1.000252835571679544e+00
3.808938534301022401e+02 9.954612483389502220e-01
3.809665042304768576e+02 9.972385570464138427e-01
3.810391372698750274e+02 1.001043992037169428e+00
3.811117525482968631e+02 9.943320124505692359e-01
3.811843500657422510e+02 1.001130428302002828e+00
3.812569298222112479e+02 1.004205211211496085e+00
3.813294918177038539e+02 9.930326009639548479e-01
3.814020360522200122e+02 1.004521706037674544e+00
3.814745625257598363e+02 1.001803491361493270e+00
3.815470712383232126e+02 9.953355832059695985e-01
3.816195621899101980e+02 9.972265824594216399e-01
3.816920353805207924e+02 1.001197117068481246e+00
3.817644908101549959e+02 1.002283459197455873e+00
3.818369284788128084e+02 9.995427255738450478e-01
3.819093483864941732e+02 9.996084637455775468e-01
3.819817505331992038e+02 1.000283147983660914e+00
3.820541349189277867e+02 9.954345924833845061e-01
3.821265015436799786e+02 9.962957240453681473e-01
3.821988504074558364e+02 1.005055142206598306e+00
3.822711815102552464e+02 1.008448150720974157e+00
3.823434948520782086e+02 9.995104413590661929e-01
3.824157904329248368e+02 9.973583404192301050e-01
3.824880682527950171e+02 1.001793999220548681e+00
3.825603283116888065e+02 1.000903533961087222e+00
3.826325706096062049e+02 1.002211349238028681e+00
3.827047951465472124e+02 1.002382151413557798e+00
3.827770019225118290e+02 9.984356731565863230e-01
3.828491909374999977e+02 9.970017848688113027e-01
3.829213621915118324e+02 9.936881836310065275e-01
3.829935156845472193e+02 1.002236647523956137e+00
3.830656514166062152e+02 1.000038925165186665e+00
3.831377693876888202e+02 9.974497073395357516e-01
3.832098695977950342e+02 1.006281523443228743e+00
3.832819520469248573e+02 9.974009368742479120e-01
3.833540167350782326e+02 9.963151876437853494e-01
3.834260636622552170e+02 1.003091065813205063e+00
3.834980928284558104e+02 9.960737670893934359e-01
3.835701042336800128e+02 1.002617472779439245e+00
3.836420978779278244e+02 1.002883973863895717e+00
3.837140737611991881e+02 9.982057971748631298e-01
3.837860318834942177e+02 9.969187341035055105e-01
3.838579722448127995e+02 1.000999173547631793e+00
3.839298948451549904e+02 1.002079618294112073e+00
3.840017996845207904e+02 1.000097236640711262e+00
3.840736867629101994e+02 1.003893424892877695e+00
3.841455560803232174e+02 1.002230505449820397e+00
3.842174076367598445e+02 9.986071960296972749e-01
3.842892414322200239e+02 9.967806315342331303e-01
3.843610574667038122e+02 9.974864224785241484e-01
3.844328557402112096e+02 9.955654360763942501e-01
3.845046362527422161e+02 1.004776831983504648e+00
3.845763990042968317e+02 1.001439476164003528e+00
3.846481439948749994e+02 9.964421499516200598e-01
3.847198712244768330e+02 1.005790026157871164e+00
3.847915806931022189e+02 9.989366253047312627e-01
3.848632724007512138e+02 9.964822936730560743e-01
3.849349463474238746e+02 1.001981583776481388e+00
3.850066025331200308e+02 9.974655577724190758e-01
3.850782409578398529e+02 1.005095606473996650e+00
3.851498616215832271e+02 9.995043458781689427e-01
3.852214645243502105e+02 9.932786099908340605e-01
3.852930496661408029e+02 1.002605579640393429e+00
3.853646170469550043e+02 1.005478947233469755e+00
3.854361666667928148e+02 1.002367885585955243e+00
3.855076985256542343e+02 9.970477413440513859e-01
3.855792126235392061e+02 1.000759533759155495e+00
3.856507089604477869e+02 9.988707416282824880e-01
3.857221875363800336e+02 9.982531714485053387e-01
3.857936483513357757e+02 1.000275445284888987e+00
3.858650914053151837e+02 9.986996060859614222e-01
3.859365166983182007e+02 1.003929768237348474e+00
3.860079242303447700e+02 9.927073112629218876e-01
3.860793140013950051e+02 9.964812250223517021e-01
3.861506860114688493e+02 1.003959663463855456e+00
3.862220402605662457e+02 9.988499679412032872e-01
3.862933767486872512e+02 1.001110023779278269e+00
3.863646954758318088e+02 1.004042733482739091e+00
3.864359964420000324e+02 1.000635483418482297e+00
3.865072796471918082e+02 9.947384741900090477e-01
3.865785450914071930e+02 1.002770083921009414e+00
3.866497927746461869e+02 1.000948172624654964e+00
3.867210226969087898e+02 9.996043221505626075e-01
3.867922348581950018e+02 9.978753345816852027e-01
3.868634292585048797e+02 1.005016374658476597e+00
3.869346058978382530e+02 9.960742974004914707e-01
3.870057647761952353e+02 9.961019576544649645e-01
3.870769058935758267e+02 1.006538428521055906e+00
3.871480292499800271e+02 9.986178566932820688e-01
3.872191348454078366e+02 1.002218833263984976e+00
3.872902226798592551e+02 9.938721980080725826e-01
3.873612927533342258e+02 1.001283406605418591e+00
3.874323450658328056e+02 1.002717793967359938e+00
3.875033796173549945e+02 9.977051469834100628e-01
3.875743964079007924e+02 1.001723896653994750e+00
3.876453954374701993e+02 9.941446194584865337e-01
3.877163767060632154e+02 9.989481517519969156e-01
3.877873402136797836e+02 1.007811702232732198e+00
3.878582859603200177e+02 9.982000567006105163e-01
3.879292139459838040e+02 1.003662469903924492e+00
3.880001241706711994e+02 1.001017860429111339e+00
3.880710166343822038e+02 9.972191646044641367e-01
3.881418913371168173e+02 9.997314777194664659e-01
3.882127482788750399e+02 1.001023487216333496e+00
3.882835874596568146e+02 9.942440799821599118e-01
3.883544088794621985e+02 1.004565186920370001e+00
3.884252125382912482e+02 9.978941892007373582e-01
3.884959984361437932e+02 9.965958376415430253e-01
3.885667665730200042e+02 1.003581526174403216e+00
3.886375169489198242e+02 1.002162297489081588e+00
3.887082495638431965e+02 1.000298363538789648e+00
3.887789644177901778e+02 1.005369667271708733e+00
3.888496615107608250e+02 1.002336030861471716e+00
3.889203408427550244e+02 9.964574847612396313e-01
3.889910024137728328e+02 1.005217958795164623e+00
3.890616462238142503e+02 9.955830194689125889e-01
3.891322722728792201e+02 1.000327020147868673e+00
3.892028805609678557e+02 9.941228008462735799e-01
3.892734710880800435e+02 9.958219742709332190e-01
3.893440438542158404e+02 1.007405545701083538e+00
3.894145988593752463e+02 1.002041982394832997e+00
3.894851361035582045e+02 9.931751379467429475e-01
3.895556555867648285e+02 9.973195856552282690e-01
3.896261573089950048e+02 1.002185144794088600e+00
3.896966412702487901e+02 1.003101746858260590e+00
3.897671074705261844e+02 1.001149973386687542e+00
3.898375559098271879e+02 9.961896386820255911e-01
3.899079865881518003e+02 1.001764933417667924e+00
3.899783995054999650e+02 1.001248961705518248e+00
3.900487946618718524e+02 9.967933602385685710e-01
3.901191720572672352e+02 9.996121965750507377e-01
3.901895316916862271e+02 9.974569799150597715e-01
3.902598735651288280e+02 1.000694520482609207e+00
3.903301976775950379e+02 1.004601383001553438e+00
3.904005040290848001e+02 9.977810902012055339e-01
3.904707926195982282e+02 9.995937583970079254e-01
3.905410634491352084e+02 1.000867049423175059e+00
3.906113165176957978e+02 1.001147089238917154e+00
3.906815518252800530e+02 1.002072537989160850e+00
3.907517693718878604e+02 9.945835217407313911e-01
3.908219691575192201e+02 9.992195538993884352e-01
3.908921511821742456e+02 1.006313004323240667e+00
3.909623154458528234e+02 1.001558380509968149e+00
3.910324619485550102e+02 1.001017096593818767e+00
3.911025906902808629e+02 9.978022810523866637e-01
3.911727016710302109e+02 9.943267935640766053e-01
3.912427948908032249e+02 1.003869187877665325e+00
3.913128703495998479e+02 9.954804157718369906e-01
3.913829280474200232e+02 9.993848079022576991e-01
3.914529679842638075e+02 1.000199286316558744e+00
3.915229901601312008e+02 1.001431725306034748e+00
3.915929945750222032e+02 9.973838516187690795e-01
3.916629812289368147e+02 9.978991132027187350e-01
3.917329501218749783e+02 9.968609375574334353e-01
3.918029012538368079e+02 1.007201051601082753e+00
3.918728346248221897e+02 1.003875993472958639e+00
3.919427502348311805e+02 9.946221569636504167e-01
3.920126480838637804e+02 1.002648034670952537e+00
3.920825281719199893e+02 9.990841635409487553e-01
3.921523904989998073e+02 9.950340142045002167e-01
3.922222350651032343e+02 1.000900560674061079e+00
3.922920618702302136e+02 1.003733859544589047e+00
3.923618709143808019e+02 9.876580755917008236e-01
3.924316621975549992e+02 9.973575137947174873e-01
3.925014357197528057e+02 1.002616425480427065e+00
3.925711914809742211e+02 1.005880545118719160e+00
3.926409294812192456e+02 9.960571978093697432e-01
3.927106497204878792e+02 9.969083996110000845e-01
3.927803521987800650e+02 1.011199423518702067e+00
3.928500369160958599e+02 1.013170137771822521e+00
3.929197038724352637e+02 1.007459562157908106e+00
3.929893530677982199e+02 9.979749452088079176e-01
3.930589845021848419e+02 1.000529119650710452e+00
3.931285981755950161e+02 9.999752328499998955e-01
3.931981940880287993e+02 9.994633873750887743e-01
3.932677722394862485e+02 9.967495359619900075e-01
3.933373326299671930e+02 9.993584106769292097e-01
3.934068752594718035e+02 9.970686576703795545e-01
3.934764001280000230e+02 9.954804659291055513e-01
3.935459072355517947e+02 1.001701246544575596e+00
3.936153965821271754e+02 1.001626330321128577e+00
3.936848681677262221e+02 9.993402314954964449e-01
3.937543219923487641e+02 9.981889092656311968e-01
3.938237580559949720e+02 1.002073940478480862e+00
3.938931763586647889e+02 9.927390570821302829e-01
3.939625769003581581e+02 9.981559759563219947e-01
3.940319596810752500e+02 9.989744713897567019e-01
3.941013247008158373e+02 9.980848568983715641e-01
3.941706719595800337e+02 9.955237859413699208e-01
3.942400014573678391e+02 9.999522185815845621e-01
3.943093131941791967e+02 1.008128219620309851e+00
3.943786071700142202e+02 9.974794787750493885e-01
3.944478833848727959e+02 9.988008549257862967e-01
3.945171418387550375e+02 1.000228116515707200e+00
3.945863825316608313e+02 1.003378477846244676e+00
3.946556054635902342e+02 1.003403647240451946e+00
3.947248106345432461e+02 1.001384639849264957e+00
3.947939980445198671e+02 1.004067312068035900e+00
3.948631676935200403e+02 9.984009591270378570e-01
3.949323195815438226e+02 9.981239632456934130e-01
3.950014537085912139e+02 9.977355077102154635e-01
3.950705700746622142e+02 9.981697177707282709e-01
3.951396686797568236e+02 9.990237370570596021e-01
3.952087495238750421e+02 1.003057014200624542e+00
3.952778126070168128e+02 9.930724944671730503e-01
3.953468579291821925e+02 1.002285052030167156e+00
3.954158854903711813e+02 1.005660819203660239e+00
3.954848952905837791e+02 9.957523378685039228e-01
3.955538873298199860e+02 9.982814842121996435e-01
3.956228616080798020e+02 9.979943353721942856e-01
3.956918181253631701e+02 1.003175039898026810e+00
3.957607568816702042e+02 1.005362333932144470e+00
3.958296778770007904e+02 9.993702029387864227e-01
3.958985811113549858e+02 9.909486704584556938e-01
3.959674665847328470e+02 1.006607447593151905e+00
3.960363342971342036e+02 9.976391869541376689e-01
3.961051842485592260e+02 9.971213037070457696e-01
3.961740164390078007e+02 9.961231745638612356e-01
3.962428308684800413e+02 1.003420360191670468e+00
3.963116275369758341e+02 9.969561026257114378e-01
3.963804064444951791e+02 1.008790196072421930e+00
3.964491675910382469e+02 1.002841152250419032e+00
3.965179109766048668e+02 9.932731445204516785e-01
3.965866366011950390e+02 1.003034049563108265e+00
3.966553444648088202e+02 1.003119159224650669e+00
3.967240345674462674e+02 9.985910928628315419e-01
3.967927069091072099e+02 9.999327278372949213e-01
3.968613614897918183e+02 9.911400263532351707e-01
3.969299983095000357e+02 1.000695247553262002e+00
3.969986173682318054e+02 9.981540151721445264e-01
3.970672186659872409e+02 1.000532247779437167e+00
3.971358022027662287e+02 9.923364463671044966e-01
3.972043679785688255e+02 1.003837263207136843e+00
3.972729159933950314e+02 1.001902844652559077e+00
3.973414462472447894e+02 1.001695714597480524e+00
3.974099587401182134e+02 1.008703590220703550e+00
3.974784534720151896e+02 1.002070951695033907e+00
3.975469304429357749e+02 9.932891151634161142e-01
3.976153896528799692e+02 9.991270536679133230e-01
3.976838311018477725e+02 1.006009685036032053e+00
3.977522547898391849e+02 1.001693238131873942e+00
3.978206607168541495e+02 9.894688032357982221e-01
3.978890488828928369e+02 9.890083311610544659e-01
3.979574192879550196e+02 9.945327700468310494e-01
3.980257719320408114e+02 1.003804651533650727e+00
3.980941068151502122e+02 1.000173841242970152e+00
3.981624239372832221e+02 1.006507451142550247e+00
3.982307232984397842e+02 1.000928035419340612e+00
3.982990048986200122e+02 1.003007761408603704e+00
3.983672687378238493e+02 1.006562782324031291e+00
3.984355148160512385e+02 1.012678563268752940e+00
3.985037431333022369e+02 1.006602394662653666e+00
3.985719536895768442e+02 9.982683329634318703e-01
3.986401464848750607e+02 9.949687361790399143e-01
3.987083215191968293e+02 9.970913688201239466e-01
3.987764787925422070e+02 9.987962778965945310e-01
3.988446183049112506e+02 1.000544064937249233e+00
3.989127400563038464e+02 9.912462139762598934e-01
3.989808440467199944e+02 9.950135363921397413e-01
3.990489302761598083e+02 1.004132039949989563e+00
3.991169987446232312e+02 1.006731432595791009e+00
3.991850494521102064e+02 1.000294966310241174e+00
3.992530823986207906e+02 1.001230804648295614e+00
3.993210975841549839e+02 9.870050593938860528e-01
3.993890950087127862e+02 9.957044026251842261e-01
3.994570746722941976e+02 1.004281336133215907e+00
3.995250365748991612e+02 9.997762760746746746e-01
3.995929807165277907e+02 1.000649191709639618e+00
3.996609070971799724e+02 1.001921901242714297e+00
3.997288157168557632e+02 1.000810348453038401e+00
3.997967065755552198e+02 1.004457423417265183e+00
3.998645796732782287e+02 9.991561323677530249e-01
3.999324350100248466e+02 9.934609332503082646e-01
