# Flat spectrum for USB2+H15972(1)
# Wavelength (nm),       Flat Response
2.819620177293007828e+02 9.997931466081262375e-01
2.820535133054451649e+02 1.004056529872907388e+00
2.821449928301631758e+02 9.988457458048451976e-01
2.822364563034547587e+02 9.983044711483552991e-01
2.823279037253199704e+02 1.001526187178168215e+00
2.824193350957587541e+02 9.980150547470613143e-01
2.825107504147711666e+02 1.002146475334609654e+00
2.826021496823571511e+02 9.974911553724530311e-01
2.826935328985168212e+02 9.963235208250298403e-01
2.827849000632499497e+02 1.007203862772964031e+00
2.828762511765568206e+02 9.964341134050184179e-01
2.829675862384371499e+02 9.987928303812477759e-01
2.830589052488912216e+02 1.004700998823205627e+00
2.831502082079187517e+02 9.952640270392316690e-01
2.832414951155199674e+02 9.983719850321391975e-01
2.833327659716947551e+02 1.003468120494191762e+00
2.834240207764431716e+02 1.003089513734922056e+00
2.835152595297651601e+02 9.986795336146727653e-01
2.836064822316607774e+02 1.000536222417613752e+00
2.836976888821299667e+02 9.977324337115909270e-01
2.837888794811727848e+02 9.990736045857970815e-01
2.838800540287891749e+02 1.000725115321343450e+00
2.839712125249791939e+02 1.002873410632399320e+00
2.840623549697427848e+02 1.000169182365768128e+00
2.841534813630799476e+02 9.944748101556134534e-01
2.842445917049907962e+02 9.993261994616878807e-01
2.843356859954751599e+02 1.003403223616369466e+00
2.844267642345332092e+02 1.002611440222614725e+00
2.845178264221647737e+02 9.959395794562754256e-01
2.846088725583699670e+02 1.000111489583120461e+00
2.846999026431487891e+02 1.002630729646712071e+00
2.847909166765011832e+02 1.001942797278751351e+00
2.848819146584271493e+02 9.999296367200077862e-01
2.849728965889268011e+02 9.967002401479526652e-01
2.850638624679999680e+02 1.002148814108062114e+00
2.851548122956467637e+02 9.944607348985360362e-01
2.852457460718671314e+02 1.001499466385069370e+00
2.853366637966611847e+02 1.004501840883316177e+00
2.854275654700288101e+02 9.982506202608029122e-01
2.855184510919699505e+02 9.998090078413445214e-01
2.856093206624847767e+02 1.000774838162582503e+00
2.857001741815731748e+02 9.984965792533176954e-01
2.857910116492352017e+02 1.000525566294639512e+00
2.858818330654707438e+02 1.000216944180408296e+00
2.859726384302799715e+02 1.001346185220912677e+00
2.860634277436627713e+02 9.994769819942375122e-01
2.861542010056191998e+02 9.967175407872513881e-01
2.862449582161491435e+02 1.001632267444638735e+00
2.863356993752527728e+02 1.001082807486268322e+00
2.864264244829299741e+02 9.989655465702867998e-01
2.865171335391808043e+02 1.002873813070580100e+00
2.866078265440051496e+02 9.992216283988714087e-01
2.866985034974031805e+02 9.954737287545434299e-01
2.867891643993747834e+02 1.003114243821491502e+00
2.868798092499199583e+02 1.000028862586325396e+00
2.869704380490388189e+02 1.002547461813234619e+00
2.870610507967311946e+02 9.990272631578399620e-01
2.871516474929971992e+02 1.000937609782973414e+00
2.872422281378367757e+02 9.946479505721995684e-01
2.873327927312499810e+02 1.001778582819133234e+00
2.874233412732367583e+02 1.001434851467981169e+00
2.875138737637971644e+02 1.001590063334383940e+00
2.876043902029311425e+02 9.952323995866190209e-01
2.876948905906388063e+02 1.000420835751513859e+00
2.877853749269199284e+02 1.004910459586869864e+00
2.878758432117747930e+02 9.959097610410697632e-01
2.879662954452031727e+02 1.001271155907998311e+00
2.880567316272051812e+02 1.004508388964464372e+00
2.881471517577808186e+02 9.956035165284979893e-01
2.882375558369299711e+02 9.990934002309419526e-01
2.883279438646528092e+02 1.000013837704749609e+00
2.884183158409491625e+02 1.005647052130007379e+00
2.885086717658192015e+02 9.956129944515105246e-01
2.885990116392627556e+02 9.988037319448581641e-01
2.886893354612799953e+02 1.001615716484635765e+00
2.887796432318707502e+02 9.996075162646441692e-01
2.888699349510351908e+02 9.984214207457566825e-01
2.889602106187731465e+02 9.999646381672595563e-01
2.890504702350847879e+02 1.003848947808486658e+00
2.891407137999699444e+02 1.002795206652137283e+00
2.892309413134287865e+02 1.000051086627558705e+00
2.893211527754612007e+02 9.925835481145819372e-01
2.894113481860671868e+02 9.995292084298473823e-01
2.895015275452468018e+02 1.002682085150568669e+00
2.895916908529999887e+02 9.991718023384039693e-01
2.896818381093268044e+02 1.003268234687105354e+00
2.897719693142271922e+02 1.001081744255244210e+00
2.898620844677012087e+02 9.947902418233544042e-01
2.899521835697487404e+02 9.986956490961189647e-01
2.900422666203700146e+02 1.006414628114022713e+00
2.901323336195647471e+02 9.966694424645913264e-01
2.902223845673331653e+02 1.003241411624591128e+00
2.903124194636751554e+02 9.961445021509760522e-01
2.904024383085907743e+02 1.001433921317652187e+00
2.904924411020799653e+02 9.989900538666501850e-01
2.905824278441427850e+02 9.993059785795733729e-01
2.906723985347791768e+02 9.977728343802512168e-01
2.907623531739891973e+02 1.004948708449463490e+00
2.908522917617727899e+02 1.003160799224962263e+00
2.909422142981299544e+02 9.976861336775879607e-01
2.910321207830608046e+02 9.963887442762536795e-01
2.911220112165651699e+02 1.000021772169120249e+00
2.912118855986432209e+02 9.996217486936266328e-01
2.913017439292947870e+02 1.003301646974301908e+00
2.913915862085199819e+02 9.975358548337951436e-01
2.914814124363187489e+02 9.991138366204760368e-01
2.915712226126912014e+02 1.002722455499502230e+00
2.916610167376371692e+02 9.985078844687178545e-01
2.917507948111567657e+02 9.986651550607346106e-01
2.918405568332499342e+02 1.004451384803119574e+00
2.919303028039167884e+02 9.985030904525254991e-01
2.920200327231572146e+02 1.002652008212573609e+00
2.921097465909711559e+02 9.947482953855653065e-01
2.921994444073587829e+02 9.992821320288171050e-01
2.922891261723199818e+02 1.000908855794452323e+00
2.923787918858548096e+02 1.003048959972989040e+00
2.924684415479631525e+02 1.002837550127954502e+00
2.925580751586451811e+02 9.920426366700286769e-01
2.926476927179007816e+02 1.003265477104966275e+00
2.927372942257300110e+02 1.000616694859439049e+00
2.928268796821327555e+02 9.969427594023556605e-01
2.929164490871091857e+02 1.005880848381119907e+00
2.930060024406591310e+02 9.967058288954284695e-01
2.930955397427827620e+02 1.002257887120418633e+00
2.931850609934799650e+02 9.969007268690230905e-01
2.932745661927507967e+02 9.977318924263703925e-01
2.933640553405952005e+02 1.003028339451863982e+00
2.934535284370131762e+02 9.983942609689260284e-01
2.935429854820047808e+02 1.003976489205264500e+00
2.936324264755699573e+02 1.001523646783322397e+00
2.937218514177088196e+02 9.938168680927763621e-01
2.938112603084211401e+02 1.000150041558592440e+00
2.939006531477072031e+02 1.002225053886626638e+00
2.939900299355667812e+02 9.995998731686263072e-01
2.940793906719999882e+02 1.004098673848513368e+00
2.941687353570067671e+02 9.932267320134040567e-01
2.942580639905871749e+02 1.002570764991938423e+00
2.943473765727411546e+02 1.005299753586476941e+00
2.944366731034687632e+02 9.975823784619568535e-01
2.945259535827699438e+02 9.975795526863296958e-01
2.946152180106447531e+02 9.954005981778276668e-01
2.947044663870931913e+02 1.006708430837657708e+00
2.947936987121151446e+02 9.981243672891645380e-01
2.948829149857107836e+02 1.000325810176268870e+00
2.949721152078799946e+02 9.974612847156590911e-01
2.950612993786227776e+02 1.001989510359859503e+00
2.951504674979391893e+02 1.001490605246396326e+00
2.952396195658291731e+02 9.989401393033543464e-01
2.953287555822927857e+02 1.002264304516125248e+00
2.954178755473299702e+02 9.983687103092634407e-01
2.955069794609407836e+02 9.982034949307669880e-01
2.955960673231251690e+02 1.003013578189503985e+00
2.956851391338831263e+02 9.953599094696310434e-01
2.957741948932147693e+02 1.001757115944473586e+00
2.958632346011199274e+02 9.970915487799459909e-01
2.959522582575987713e+02 1.000686584823478276e+00
2.960412658626511870e+02 1.003092463628357800e+00
2.961302574162771748e+02 1.000539752252857184e+00
2.962192329184767914e+02 1.000092185812218037e+00
2.963081923692499799e+02 9.990848673625760679e-01
2.963971357685967973e+02 9.986412428934364760e-01
2.964860631165171867e+02 1.001941247117676737e+00
2.965749744130112049e+02 9.976920093634872311e-01
2.966638696580787382e+02 1.002317750763694448e+00
2.967527488517200140e+02 9.981896925147917266e-01
2.968416119939347482e+02 1.000192272948360994e+00
2.969304590847231680e+02 1.002936859661491376e+00
2.970192901240851597e+02 1.001346819005698885e+00
2.971081051120207803e+02 9.996846386753202029e-01
2.971969040485299729e+02 9.951181343382834443e-01
2.972856869336127943e+02 1.001059531184059992e+00
2.973744537672691877e+02 1.002625239883141228e+00
2.974632045494991530e+02 9.982856569628573151e-01
2.975519392803028040e+02 9.965122094036954481e-01
2.976406579596799702e+02 1.002826253568326775e+00
2.977293605876307652e+02 1.004592338826032938e+00
2.978180471641551890e+02 9.960102404127423315e-01
2.979067176892531847e+02 9.987096834143266433e-01
2.979953721629247525e+02 1.000722530339619665e+00
2.980840105851700059e+02 1.000346327032786364e+00
2.981726329559887745e+02 9.991383154401329847e-01
2.982612392753811719e+02 9.994392195521577538e-01
2.983498295433471412e+02 1.001284666396988765e+00
2.984384037598867963e+02 1.000281413299509037e+00
2.985269619249999664e+02 1.001365353385986090e+00
2.986155040386867654e+02 9.977082114961072223e-01
2.987040301009471932e+02 9.973301517836395957e-01
2.987925401117811930e+02 1.002998982626369662e+00
2.988810340711888216e+02 9.992543747158890710e-01
2.989695119791699653e+02 9.999874229353650223e-01
2.990579738357247948e+02 1.002515493427416748e+00
2.991464196408531393e+02 9.984262696913298596e-01
2.992348493945551695e+02 9.978427057737266903e-01
2.993232630968307717e+02 1.004149037713379933e+00
2.994116607476800027e+02 1.002825007852027550e+00
2.995000423471027489e+02 9.957566443751580954e-01
2.995884078950991807e+02 9.948275356472827680e-01
2.996767573916691276e+02 1.003572150338477575e+00
2.997650908368127602e+02 1.000541350783220818e+00
2.998534082305299648e+02 1.004073102012478236e+00
2.999417095728207983e+02 9.948806804560518247e-01
3.000299948636852037e+02 9.994657498584010868e-01
3.001182641031231810e+02 1.003720381136110618e+00
3.002065172911347872e+02 9.957442043549437072e-01
3.002947544277199654e+02 1.006365560546198079e+00
3.003829755128787724e+02 9.983776035469122956e-01
3.004711805466111514e+02 9.954897523621002442e-01
3.005593695289172160e+02 1.001122508084809848e+00
3.006475424597967390e+02 1.003212106434946405e+00
3.007356993392500044e+02 9.972593956278987815e-01
3.008238401672767282e+02 9.990993439177398017e-01
3.009119649438771944e+02 1.004925940553964780e+00
3.010000736690511758e+02 9.918706680771642858e-01
3.010881663427987860e+02 1.004705464013612382e+00
3.011762429651199682e+02 9.997931521577174685e-01
3.012643035360147792e+02 1.001580626341999514e+00
3.013523480554832190e+02 1.002175836757611682e+00
3.014403765235251740e+02 9.977341109534638708e-01
3.015283889401408146e+02 9.963880174728316774e-01
3.016163853053299704e+02 1.002209642158162772e+00
3.017043656190928118e+02 9.977176711053885594e-01
3.017923298814291684e+02 1.008026571144224448e+00
3.018802780923392106e+02 9.963461911003383964e-01
3.019682102518227680e+02 9.947328745000383332e-01
3.020561263598800110e+02 1.001519933988459066e+00
3.021440264165107692e+02 9.993883486903720748e-01
3.022319104217151562e+02 1.003734750194737568e+00
3.023197783754931720e+02 1.004634193215913518e+00
3.024076302778447598e+02 9.928757762294512235e-01
3.024954661287699196e+02 1.000963307357613852e+00
3.025832859282687650e+02 9.986982321726880496e-01
3.026710896763411824e+02 9.991159312572422957e-01
3.027588773729871718e+02 1.006641627402099282e+00
3.028466490182067901e+02 9.963687175256057404e-01
3.029344046119999803e+02 9.995172580559854580e-01
3.030221441543667993e+02 9.991855206527534561e-01
3.031098676453071334e+02 1.001312086900860709e+00
3.031975750848212101e+02 1.001441548013994209e+00
3.032852664729087451e+02 9.994833554760663707e-01
3.033729418095699657e+02 9.940250267146978347e-01
3.034606010948047583e+02 9.998640658756055011e-01
3.035482443286131797e+02 1.003772213128905078e+00
3.036358715109951731e+02 1.001565990306371612e+00
3.037234826419507954e+02 1.004132028892422701e+00
3.038110777214799327e+02 9.955077808552956764e-01
3.038986567495827558e+02 1.001545580940039093e+00
3.039862197262592076e+02 9.975565658303745531e-01
3.040737666515091746e+02 9.986498824146913256e-01
3.041612975253327704e+02 9.973729574006989784e-01
3.042488123477299382e+02 1.002252825164263950e+00
3.043363111187007917e+02 1.004171614684385316e+00
3.044237938382451603e+02 1.001578294489483323e+00
3.045112605063632145e+02 9.975274482310332314e-01
3.045987111230547839e+02 9.966109711060110454e-01
3.046861456883199821e+02 1.002272657722091953e+00
3.047735642021587523e+02 1.001801215415298429e+00
3.048609666645711513e+02 9.969260206834850147e-01
3.049483530755571223e+02 1.002978651812935107e+00
3.050357234351167790e+02 1.000047145549219474e+00
3.051230777432499508e+02 9.990305516850002121e-01
3.052104159999567514e+02 1.001551830842212221e+00
3.052977382052371809e+02 1.000358220999299830e+00
3.053850443590911823e+02 9.932290171778568322e-01
3.054723344615188125e+02 1.004119052072270479e+00
3.055596085125199579e+02 9.992056134515575616e-01
3.056468665120947890e+02 1.000074154487285982e+00
3.057341084602431351e+02 1.004338781806560332e+00
3.058213343569651670e+02 9.987347052408316328e-01
3.059085442022607708e+02 9.945695236051578236e-01
3.059957379961300035e+02 1.002471408246365048e+00
3.060829157385727513e+02 9.994760366552943864e-01
3.061700774295891847e+02 1.004996822398290579e+00
3.062572230691791901e+02 9.933560847619158363e-01
3.063443526573427675e+02 9.991534264576608093e-01
3.064314661940799738e+02 1.003736522636781814e+00
3.065185636793907520e+02 1.002393905527449336e+00
3.066056451132752159e+02 9.972298322855482899e-01
3.066927104957331949e+02 1.000313820120656061e+00
3.067797598267648027e+02 1.001147692795132160e+00
3.068667931063699825e+02 9.944487630009100076e-01
3.069538103345487912e+02 1.002569528133834709e+00
3.070408115113011718e+02 1.004292694043738221e+00
3.071277966366271812e+02 9.958407147205141641e-01
3.072147657105267626e+02 1.002078992586774797e+00
3.073017187329999729e+02 1.003967659010109204e+00
3.073886557040467551e+02 9.985259203229998048e-01
3.074755766236671661e+02 9.940779620738251499e-01
3.075624814918612060e+02 1.003188591400943741e+00
3.076493703086287610e+02 1.000548405746920055e+00
3.077362430739699448e+02 9.985284267875543796e-01
3.078230997878847575e+02 1.002800325898827394e+00
3.079099404503731989e+02 9.984025271627775533e-01
3.079967650614351555e+02 9.984626476420001007e-01
3.080835736210707978e+02 1.003593359122638695e+00
3.081703661292799552e+02 9.935559605993139476e-01
3.082571425860627983e+02 1.001257656590759604e+00
3.083439029914191565e+02 1.005449871799980022e+00
3.084306473453492004e+02 9.993410388752282936e-01
3.085173756478527594e+02 9.983575149650664171e-01
3.086040878989300040e+02 1.000617085861570832e+00
3.086907840985807638e+02 9.993212170081987589e-01
3.087774642468051525e+02 1.004848896021144133e+00
3.088641283436032268e+02 9.939961578488837324e-01
3.089507763889747594e+02 9.964626582228874874e-01
3.090374083829199208e+02 1.003152369650328835e+00
3.091240243254387678e+02 1.000699384670788783e+00
3.092106242165311869e+02 9.980895849370178263e-01
3.092972080561971779e+02 1.008583208901232098e+00
3.093837758444367978e+02 9.918949308306305168e-01
3.094703275812499896e+02 9.994641760842494227e-01
3.095568632666368103e+02 1.006618616379189923e+00
3.096433829005971461e+02 9.979089792978007578e-01
3.097298864831311676e+02 9.972694158818219412e-01
3.098163740142387610e+02 9.961517885105285464e-01
3.099028454939199833e+02 1.005425442416094439e+00
3.099893009221747775e+02 1.000384685242242888e+00
3.100757402990032006e+02 9.997738741519839323e-01
3.101621636244051956e+02 9.960514110223996909e-01
3.102485708983807626e+02 1.000344141646985596e+00
3.103349621209300153e+02 1.008475851381022137e+00
3.104213372920527831e+02 9.964409676109626801e-01
3.105076964117491798e+02 9.933579166677918293e-01
3.105940394800191484e+02 1.001602337874172521e+00
3.106803664968628027e+02 1.003758768854291494e+00
3.107666774622799721e+02 1.001744346328942381e+00
3.108529723762707704e+02 9.985697897981782312e-01
3.109392512388351406e+02 9.965640159433626355e-01
3.110255140499731965e+02 9.978753250596887892e-01
3.111117608096847675e+02 1.002458054375612528e+00
3.111979915179699674e+02 1.006365351962545285e+00
3.112842061748287392e+02 9.967485035807427396e-01
3.113704047802611967e+02 9.982255543028833999e-01
3.114565873342672262e+02 1.001599810676749858e+00
3.115427538368467708e+02 9.978905457680450342e-01
3.116289042880000011e+02 9.998216699941683272e-01
3.117150386877267465e+02 1.002637963610324867e+00
3.118011570360271776e+02 9.969928825811937845e-01
3.118872593329011806e+02 1.000583873899138831e+00
3.119733455783488125e+02 9.971250097222128517e-01
3.120594157723699595e+02 1.006919199785974328e+00
3.121454699149647922e+02 9.939872455748210989e-01
3.122315080061331400e+02 1.001227859261421216e+00
3.123175300458751735e+02 1.004067539099193107e+00
3.124035360341907790e+02 9.986285623952617652e-01
3.124895259710799564e+02 9.991393269884896178e-01
3.125754998565427627e+02 1.001559949919388792e+00
3.126614576905791978e+02 1.001303287529029973e+00
3.127473994731892049e+02 1.000272649755217014e+00
3.128333252043727839e+02 9.936747203733334866e-01
3.129192348841299918e+02 9.989384412570851968e-01
3.130051285124607716e+02 1.003953018184661650e+00
3.130910060893651803e+02 9.985658291893065863e-01
3.131768676148431609e+02 1.004566684477561811e+00
3.132627130888947704e+02 9.978026452939103841e-01
3.133485425115199519e+02 9.972155245754817932e-01
3.134343558827187621e+02 1.002321266032236036e+00
3.135201532024911444e+02 9.978682929857957129e-01
3.136059344708371555e+02 1.005025903229997963e+00
3.136916996877567385e+02 9.966221170541741392e-01
3.137774488532499504e+02 9.996855343933427340e-01
3.138631819673167342e+02 1.002561064885748587e+00
3.139488990299571469e+02 9.969232559577865249e-01
3.140346000411711884e+02 1.000293696817490474e+00
3.141202850009587451e+02 9.978091113127378620e-01
3.142059539093199874e+02 1.001914169198639737e+00
3.142916067662547448e+02 9.990345004411048668e-01
3.143772435717631879e+02 1.003794333241134540e+00
3.144628643258451461e+02 1.001532047939334369e+00
3.145484690285007900e+02 9.965237164551200566e-01
3.146340576797299491e+02 1.001988717490538860e+00
3.147196302795327938e+02 9.993155734074951058e-01
3.148051868279091536e+02 9.953459807758160416e-01
3.148907273248591991e+02 1.002152332583696515e+00
3.149762517703827598e+02 1.002241411135432747e+00
3.150617601644800061e+02 9.960132622221936627e-01
3.151472525071507675e+02 1.002952700971976974e+00
3.152327287983951578e+02 9.981291841386475960e-01
3.153181890382131769e+02 9.986798175667092048e-01
3.154036332266047680e+02 1.006401433008919488e+00
3.154890613635699879e+02 1.001023630821642474e+00
3.155744734491087797e+02 9.934176948490379688e-01
3.156598694832212004e+02 9.972090112337944623e-01
3.157452494659071363e+02 1.007446782402104724e+00
3.158306133971668146e+02 1.000508983205064206e+00
3.159159612769999512e+02 9.991499046684304552e-01
3.160012931054067735e+02 9.992453997307504387e-01
3.160866088823871678e+02 1.000332326254068871e+00
3.161719086079411909e+02 9.959537118824111079e-01
3.162571922820687291e+02 1.004430371899752705e+00
3.163424599047699530e+02 1.001674003664662749e+00
3.164277114760447489e+02 9.929542164345145361e-01
3.165129469958931736e+02 1.001728980650186340e+00
3.165981664643152271e+02 1.004141824136939976e+00
3.166833698813107958e+02 9.979544615755259196e-01
3.167685572468799933e+02 1.000980400044637397e+00
3.168537285610227627e+02 1.000032655646651003e+00
3.169388838237392179e+02 9.932409264921351344e-01
3.170240230350291881e+02 1.001712474867938241e+00
3.171091461948927872e+02 1.007360208768919074e+00
3.171942533033299583e+02 9.963487121239573696e-01
3.172793443603407582e+02 9.982416017997215452e-01
3.173644193659251300e+02 9.996271320754198664e-01
3.174494783200831876e+02 1.003039353061126571e+00
3.175345212228147602e+02 1.000746287206296437e+00
3.176195480741199617e+02 9.950166905070110257e-01
3.177045588739987352e+02 1.004906708971612161e+00
3.177895536224511943e+02 9.999220874488279343e-01
3.178745323194772254e+02 1.000161520388452852e+00
3.179594949650767717e+02 9.981340297281444673e-01
3.180444415592500036e+02 9.998011640834394420e-01
3.181293721019967506e+02 1.000626849646267802e+00
3.182142865933171834e+02 1.001390498546252950e+00
3.182991850332111881e+02 9.982036508787278661e-01
3.183840674216787647e+02 1.001288020009782676e+00
3.184689337587199702e+02 9.967914344723493025e-01
3.185537840443348045e+02 1.000111642199365880e+00
3.186386182785231540e+02 9.999106798199283164e-01
3.187234364612851891e+02 1.000715513946705881e+00
3.188082385926207394e+02 1.003516555103390662e+00
3.188930246725299753e+02 9.977640661177039627e-01
3.189777947010127264e+02 9.997831587031354994e-01
3.190625486780691631e+02 1.001753434218555894e+00
3.191472866036991718e+02 9.958700469226877683e-01
3.192320084779027525e+02 1.000920991697785478e+00
3.193167143006800188e+02 1.003118061339663747e+00
3.194014040720307435e+02 1.003682646133586376e+00
3.194860777919552106e+02 9.970342323270207086e-01
3.195707354604531361e+02 9.951374712556626534e-01
3.196553770775248040e+02 1.004256342717750661e+00
3.197400026431699303e+02 9.974671121056180034e-01
3.198246121573887990e+02 1.000563421928679864e+00
3.199092056201811261e+02 9.990390974817537906e-01
3.199937830315471956e+02 1.000632105766295687e+00
3.200783443914867235e+02 1.003487561569204933e+00
3.201628896999999938e+02 9.957822511312829361e-01
3.202474189570867225e+02 1.003326624778916765e+00
3.203319321627471936e+02 9.983941791957751111e-01
3.204164293169811799e+02 9.968787444814595222e-01
3.205009104197887950e+02 1.004241996319964914e+00
3.205853754711699821e+02 9.974673908232024599e-01
3.206698244711247412e+02 9.997637431446836365e-01
3.207542574196531859e+02 1.002237520478039157e+00
3.208386743167551458e+02 9.983785551364720012e-01
3.209230751624307914e+02 9.999732854431179208e-01
3.210074599566799520e+02 9.992838663189448356e-01
3.210918286995027984e+02 1.002116773905170399e+00
3.211761813908991599e+02 1.000053175075298117e+00
3.212605180308692070e+02 1.001069784833048537e+00
3.213448386194128261e+02 9.964582992132561268e-01
3.214291431565299604e+02 1.004938782687140320e+00
3.215134316422207235e+02 1.000050047356688010e+00
3.215977040764851722e+02 9.976480646792442730e-01
3.216819604593231929e+02 9.995803722266954905e-01
3.217662007907347856e+02 1.000564404168393207e+00
3.218504250707200072e+02 1.001505822201222751e+00
3.219346332992787438e+02 9.991996149109003689e-01
3.220188254764111662e+02 9.953982749701245636e-01
3.221030016021171605e+02 1.002007469306477327e+00
3.221871616763967836e+02 9.996708739181137116e-01
3.222713056992499787e+02 9.984490097336402581e-01
3.223554336706768026e+02 1.005978421849049953e+00
3.224395455906771417e+02 9.997774162655208574e-01
3.225236414592511665e+02 9.946918531544564068e-01
3.226077212763988200e+02 1.004278258342974794e+00
3.226917850421199887e+02 9.962930081325799270e-01
3.227758327564147294e+02 9.994762343081778910e-01
3.228598644192831557e+02 1.001544381261023187e+00
3.229438800307252109e+02 1.000421468696195415e+00
3.230278795907407812e+02 9.994195193299567626e-01
3.231118630993299803e+02 9.999655533353140058e-01
3.231958305564927514e+02 1.002209844443809228e+00
3.232797819622292081e+02 1.004149267955102065e+00
3.233637173165391800e+02 9.946789246281146912e-01
3.234476366194227808e+02 9.978428102177289150e-01
3.235315398708799535e+02 1.000502834440995414e+00
3.236154270709107550e+02 1.004928083654696103e+00
3.236992982195151285e+02 1.000191006726446341e+00
3.237831533166931877e+02 9.968790690350011197e-01
3.238669923624448188e+02 9.959342798705688171e-01
3.239508153567699651e+02 1.004464334803864434e+00
3.240346222996687402e+02 1.001804658409602089e+00
3.241184131911411441e+02 9.948856995278873017e-01
3.242021880311871769e+02 1.002244302508789042e+00
3.242859468198067816e+02 1.003672403033455618e+00
3.243696895570000152e+02 9.974739592322482418e-01
3.244534162427667638e+02 9.979613295842084675e-01
3.245371268771071982e+02 1.001473846507994869e+00
3.246208214600211477e+02 9.988395567711882972e-01
3.247044999915087828e+02 9.991823311360222837e-01
3.247881624715699331e+02 1.000686774005418611e+00
3.248718089002047691e+02 1.000180626209327128e+00
3.249554392774131770e+02 1.001679262484115318e+00
3.250390536031951569e+02 9.989421827283943012e-01
3.251226518775508225e+02 1.001524108071128349e+00
3.252062341004799464e+02 1.000242093831139156e+00
3.252898002719827559e+02 9.975241906378315981e-01
3.253733503920591943e+02 1.000133586532850227e+00
3.254568844607092046e+02 1.000858341417395270e+00
3.255404024779327870e+02 1.001682396841231615e+00
3.256239044437299981e+02 1.003026707428381403e+00
3.257073903581007812e+02 9.962517214981363445e-01
3.257908602210451932e+02 1.001689293590231955e+00
3.258743140325631771e+02 1.002424976894503716e+00
3.259577517926547898e+02 9.953931342813497896e-01
3.260411735013199745e+02 9.975241453911547485e-01
3.261245791585587881e+02 9.986915673579267461e-01
3.262079687643711736e+02 1.002719126007152628e+00
3.262913423187571880e+02 1.002269219190409011e+00
3.263746998217168311e+02 9.983248146944743162e-01
3.264580412732499894e+02 9.993979753375221708e-01
3.265413666733567197e+02 1.001500655077839141e+00
3.266246760220371925e+02 1.000112467225583224e+00
3.267079693192911805e+02 9.995184391625344666e-01
3.267912465651187404e+02 9.991371201776747535e-01
3.268745077595199859e+02 9.984286588305607557e-01
3.269577529024947466e+02 1.000920975303041249e+00
3.270409819940431930e+02 1.000892407186344535e+00
3.271241950341651545e+02 1.000489129441781921e+00
3.272073920228608017e+02 9.995435430231167651e-01
3.272905729601299640e+02 9.978214387826297438e-01
3.273737378459727552e+02 1.001885076026170607e+00
3.274568866803891751e+02 1.001930038111440435e+00
3.275400194633791671e+02 1.001768061059909121e+00
3.276231361949427878e+02 9.984179014841498834e-01
3.277062368750799806e+02 9.988248655024974942e-01
3.277893215037907453e+02 9.971325159887517442e-01
3.278723900810751957e+02 9.993991217148965323e-01
3.279554426069332180e+02 1.003320918350647073e+00
3.280384790813647555e+02 9.985669867648504505e-01
3.281214995043699787e+02 1.002543371043138842e+00
3.282045038759487738e+02 9.991768156461049433e-01
3.282874921961011978e+02 9.975263910389108313e-01
3.283704644648271369e+02 1.001262545171303531e+00
3.284534206821267617e+02 1.001608236588829914e+00
3.285363608479999584e+02 9.975167058293803457e-01
3.286192849624467840e+02 9.981261693150869085e-01
3.287021930254671247e+02 1.005146646115570030e+00
3.287850850370611511e+02 1.000293186824707137e+00
3.288679609972288063e+02 9.919756669791732762e-01
3.289508209059699766e+02 1.004053542441408320e+00
3.290336647632847757e+02 1.002381401919482773e+00
3.291164925691731469e+02 1.000108570006081221e+00
3.291993043236352037e+02 9.978606344037626030e-01
3.292821000266707756e+02 1.003551781077062444e+00
3.293648796782799764e+02 9.964011143295996575e-01
3.294476432784627491e+02 1.002889182565156689e+00
3.295303908272192075e+02 9.984214736092780207e-01
3.296131223245491810e+02 9.977385037119941291e-01
3.296958377704527834e+02 1.001147788012290984e+00
3.297785371649299577e+02 1.002032712347445065e+00
3.298612205079807609e+02 9.974242425046938587e-01
3.299438877996051360e+02 1.005679018053876161e+00
3.300265390398031968e+02 9.922681396530340647e-01
3.301091742285748296e+02 1.005195931121564135e+00
3.301917933659199775e+02 9.978618410432350538e-01
3.302743964518388111e+02 9.998745275339643301e-01
3.303569834863311598e+02 9.997381067147077527e-01
3.304395544693971942e+02 9.997715657158378066e-01
3.305221094010367437e+02 1.001000152947086441e+00
3.306046482812499789e+02 1.000021097612998400e+00
3.306871711100367861e+02 9.971830441709621518e-01
3.307696778873971653e+02 1.003224956100048582e+00
3.308521686133311732e+02 1.000806395992088760e+00
3.309346432878387532e+02 1.000895215093364321e+00
3.310171019109199619e+02 9.987765765291155562e-01
3.310995444825747995e+02 9.968501367684969861e-01
3.311819710028031523e+02 9.955723096405650896e-01
3.312643814716051907e+02 1.006054617616603863e+00
3.313467758889808010e+02 9.988373775147484368e-01
3.314291542549299834e+02 1.001623273899463262e+00
3.315115165694527946e+02 1.000904636619817101e+00
3.315938628325491777e+02 9.968631901309946697e-01
3.316761930442191897e+02 1.001421864129989237e+00
3.317585072044627736e+02 1.004885821692427461e+00
3.318408053132799864e+02 9.928961001300632416e-01
3.319230873706707712e+02 1.002481464740550665e+00
3.320053533766351848e+02 1.003613981722750070e+00
3.320876033311731703e+02 9.973330021071921125e-01
3.321698372342847847e+02 9.988979494936579551e-01
3.322520550859699711e+02 1.000506723747066617e+00
3.323342568862287862e+02 9.996700880590543292e-01
3.324164426350611734e+02 1.001888290884032751e+00
3.324986123324671894e+02 9.993722060134404561e-01
3.325807659784467774e+02 9.966661757164220203e-01
3.326629035729999941e+02 9.987234668649102032e-01
3.327450251161267829e+02 1.003148944760441585e+00
3.328271306078271436e+02 1.001785776817507800e+00
3.329092200481011901e+02 9.979802409165157151e-01
3.329912934369487516e+02 9.955444238634792997e-01
3.330733507743699988e+02 1.006304625465807012e+00
3.331553920603647612e+02 1.002647513717256578e+00
3.332374172949332092e+02 9.962507842596232122e-01
3.333194264780751723e+02 1.001172762492682056e+00
3.334014196097907643e+02 9.992509844283505860e-01
3.334833966900799282e+02 9.989836434928095477e-01
3.335653577189427779e+02 9.996665544244790480e-01
3.336473026963791426e+02 9.970710894171185279e-01
3.337292316223891930e+02 1.000823726370758227e+00
3.338111444969728154e+02 1.002817024591396766e+00
3.338930413201299530e+02 1.004957384795743813e+00
3.339749220918607762e+02 9.950993754262072999e-01
3.340567868121651713e+02 1.003240847699103933e+00
3.341386354810431953e+02 9.990104198952931558e-01
3.342204680984947345e+02 9.948055635516873663e-01
3.343022846645200161e+02 1.000612088799269772e+00
3.343840851791187561e+02 1.002430341078701215e+00
3.344658696422911817e+02 1.000317321328103581e+00
3.345476380540371792e+02 9.952963190782480041e-01
3.346293904143568056e+02 1.004874369306758997e+00
3.347111267232499472e+02 1.000793142624560206e+00
3.347928469807167744e+02 9.998094569788124053e-01
3.348745511867571736e+02 9.994837729895641454e-01
3.349562393413711447e+02 9.987214358607822140e-01
3.350379114445588016e+02 9.985550486737094777e-01
3.351195674963199735e+02 1.001922835979068394e+00
3.352012074966547743e+02 1.001011377940215663e+00
3.352828314455631471e+02 9.968431590659120323e-01
3.353644393430452055e+02 1.002214964224367399e+00
3.354460311891007791e+02 9.989391149321034113e-01
3.355276069837299815e+02 9.997520261840152633e-01
3.356091667269327559e+02 1.001122307872527761e+00
3.356907104187091591e+02 1.000195783196941468e+00
3.357722380590591342e+02 1.001139902999659714e+00
3.358537496479827951e+02 9.959577332595966892e-01
3.359352451854799710e+02 1.001416829747014070e+00
3.360167246715507758e+02 1.000558529282720599e+00
3.360981881061951526e+02 1.001511092411204729e+00
3.361796354894131582e+02 1.003535534088633385e+00
3.362610668212047926e+02 9.945847092717612359e-01
3.363424821015699422e+02 9.992264995301602948e-01
3.364238813305087206e+02 1.002371316766320630e+00
3.365052645080211846e+02 9.968275725777823171e-01
3.365866316341071638e+02 1.000900030376701277e+00
3.366679827087667718e+02 1.002878409046859876e+00
3.367493177320000086e+02 1.001711354404312138e+00
3.368306367038067606e+02 9.995703085439117119e-01
3.369119396241871982e+02 9.949686459528184201e-01
3.369932264931411510e+02 1.002668011959335637e+00
3.370744973106687894e+02 1.000788604012675220e+00
3.371557520767699998e+02 9.971413073815293959e-01
3.372369907914447822e+02 1.003122430272232579e+00
3.373182134546931366e+02 1.000983732718916608e+00
3.373994200665151766e+02 9.921655111531902937e-01
3.374806106269107886e+02 1.003645865042011254e+00
3.375617851358799726e+02 9.999748494040053837e-01
3.376429435934227854e+02 1.004721735331440158e+00
3.377240859995391702e+02 9.992209754706743441e-01
3.378052123542291838e+02 9.952593783330968558e-01
3.378863226574927694e+02 1.004379412786612358e+00
3.379674169093299838e+02 9.981555952944340948e-01
3.380484951097407702e+02 1.000572053800498296e+00
3.381295572587251854e+02 1.004790978704327875e+00
3.382106033562831726e+02 9.923261223045387602e-01
3.382916334024147886e+02 1.001152687580282086e+00
3.383726473971199766e+02 1.001553169652932507e+00
3.384536453403987935e+02 9.990199227217341216e-01
3.385346272322511254e+02 1.000728377008034409e+00
3.386155930726771430e+02 9.983743200145820396e-01
3.386965428616767895e+02 1.002156306482702819e+00
3.387774765992499511e+02 9.983805179786165995e-01
3.388583942853967983e+02 1.000925925926694715e+00
3.389392959201171607e+02 1.000024533813213878e+00
3.390201815034112087e+02 9.994868435543483587e-01
3.391010510352787719e+02 9.998690674209298468e-01
3.391819045157199639e+02 1.003360999841673706e+00
3.392627419447347279e+02 9.933836668334546927e-01
3.393435633223231775e+02 1.003924379869177264e+00
3.394243686484851423e+02 9.977537880696539796e-01
3.395051579232207928e+02 1.003863925544968616e+00
3.395859311465300152e+02 9.983467114158889322e-01
3.396666883184127528e+02 1.002343000567491593e+00
3.397474294388691192e+02 9.952248311707742046e-01
3.398281545078991712e+02 9.996986813592466659e-01
3.399088635255027953e+02 1.004156720013482218e+00
3.399895564916799913e+02 1.000671719209873745e+00
3.400702334064308161e+02 9.945949895258168194e-01
3.401508942697551561e+02 1.004724706183403038e+00
3.402315390816531817e+02 9.987134275799213201e-01
3.403121678421247793e+02 1.002356113424374362e+00
3.403927805511700058e+02 9.973333914630333474e-01
3.404733772087887473e+02 9.950511109936710508e-01
3.405539578149811746e+02 1.001576925268129026e+00
3.406345223697471738e+02 1.004388506543030024e+00
3.407150708730868018e+02 9.999066713522505312e-01
3.407956033250000019e+02 9.984994909095091797e-01
3.408761197254867739e+02 9.999495291032416411e-01
3.409566200745471178e+02 9.997081041493167675e-01
3.410371043721811475e+02 1.001478093821499105e+00
3.411175726183888059e+02 9.978880330905921525e-01
3.411980248131699796e+02 1.004831137421542619e+00
3.412784609565247820e+02 9.965015041592246714e-01
3.413588810484531564e+02 9.959862230146150353e-01
3.414392850889552165e+02 1.002984098879867503e+00
3.415196730780307348e+02 1.004459020669530744e+00
3.416000450156799957e+02 9.985378866539499354e-01
3.416804009019027717e+02 9.994457543145026657e-01
3.417607407366991765e+02 9.982494679545236282e-01
3.418410645200691533e+02 1.000667325402459396e+00
3.419213722520127590e+02 1.002747954619590764e+00
3.420016639325299934e+02 9.975282406655938683e-01
3.420819395616207999e+02 9.999667107250925779e-01
3.421621991392851214e+02 9.990552413516764485e-01
3.422424426655231855e+02 9.949580357307485912e-01
3.423226701403348216e+02 1.006721264289939688e+00
3.424028815637199727e+02 9.996692545762121407e-01
3.424830769356788096e+02 9.979166464471374010e-01
3.425632562562111616e+02 1.000841985500716680e+00
3.426434195253171993e+02 9.990460354339062432e-01
3.427235667429967521e+02 9.999412140586977360e-01
3.428036979092499905e+02 1.000145639811893306e+00
3.428838130240767441e+02 9.985268510563464206e-01
3.429639120874771834e+02 1.004260635317525630e+00
3.430439950994511378e+02 9.979905474744366067e-01
3.431240620599987778e+02 1.003306225493082016e+00
3.432041129691199899e+02 9.998632221593012348e-01
3.432841478268147739e+02 9.980750005992846674e-01
3.433641666330831299e+02 9.984109278715268543e-01
3.434441693879251716e+02 9.985421675684825749e-01
3.435241560913407852e+02 1.003967903534155326e+00
3.436041267433299709e+02 9.976614529854449520e-01
3.436840813438927853e+02 9.988908779011608230e-01
3.437640198930291717e+02 1.002534424689493386e+00
3.438439423907391870e+02 9.989826240005715841e-01
3.439238488370227742e+02 9.960143499460260008e-01
3.440037392318799903e+02 1.002797301711332079e+00
3.440836135753107783e+02 1.003402563998843977e+00
3.441634718673151951e+02 9.964285360378228873e-01
3.442433141078931271e+02 1.002213617142969637e+00
3.443231402970448016e+02 1.001151245548389523e+00
3.444029504347699913e+02 9.967154473137288528e-01
3.444827445210687529e+02 1.001749355190665325e+00
3.445625225559411433e+02 9.988406855600362455e-01
3.446422845393871626e+02 9.973041045226079815e-01
3.447220304714068106e+02 1.005382851716476456e+00
3.448017603519999739e+02 9.974457720090258439e-01
3.448814741811667659e+02 9.966169660628422244e-01
3.449611719589071868e+02 1.002109593901056250e+00
3.450408536852211796e+02 1.003821381663577927e+00
3.451205193601087444e+02 9.994060359756915535e-01
3.452001689835699949e+02 9.940072581571968158e-01
3.452798025556047605e+02 1.005163741212079964e+00
3.453594200762131550e+02 1.003992855052287858e+00
3.454390215453951214e+02 9.908670855351414675e-01
3.455186069631507735e+02 9.997240302263266098e-01
3.455981763294799975e+02 1.006343807075852803e+00
3.456777296443827936e+02 9.988248376044784882e-01
3.457572669078591616e+02 9.987765998497923903e-01
3.458367881199091585e+02 1.000543338256522974e+00
3.459162932805327841e+02 1.000236495716489094e+00
3.459957823897299818e+02 9.984445631286109624e-01
3.460752554475008083e+02 9.986581529368361299e-01
3.461547124538451499e+02 1.004272171672662584e+00
3.462341534087631771e+02 9.988641637364419346e-01
3.463135783122547764e+02 9.984132731729690180e-01
3.463929871643200045e+02 1.002269207105686899e+00
3.464723799649587477e+02 9.987337895103738372e-01
3.465517567141711766e+02 1.001763222407448417e+00
3.466311174119571206e+02 9.976868598963812840e-01
3.467104620583167502e+02 1.001664196669847406e+00
3.467897906532500087e+02 1.001310450901823801e+00
3.468691031967567824e+02 9.968350311979780054e-01
3.469483996888371280e+02 1.002296690936006263e+00
3.470276801294911593e+02 9.958244424489720581e-01
3.471069445187188194e+02 1.001756448006250633e+00
3.471861928565199378e+02 9.980732869833134346e-01
3.472654251428947987e+02 9.998551505746983148e-01
3.473446413778431747e+02 1.002937540724812004e+00
3.474238415613651796e+02 9.994192653679073723e-01
3.475030256934607564e+02 9.967621566348020545e-01
3.475821937741299621e+02 1.005966664377060615e+00
3.476613458033727397e+02 9.983081290968152111e-01
3.477404817811892030e+02 9.994644370524609078e-01
3.478196017075791246e+02 1.004026486328204681e+00
3.478987055825427888e+02 9.954112272427878549e-01
3.479777934060800249e+02 1.001574736622029782e+00
3.480568651781907761e+02 9.992113259135281256e-01
3.481359208988751561e+02 1.002434619384579451e+00
3.482149605681331650e+02 1.001614062890778367e+00
3.482939841859648027e+02 9.971356525763501732e-01
3.483729917523699555e+02 9.989437923448725165e-01
3.484519832673487940e+02 9.989641629370598075e-01
3.485309587309011476e+02 9.990389018597826132e-01
3.486099181430271869e+02 1.000407093466785469e+00
3.486888615037267414e+02 1.003233246239246368e+00
3.487677888129999815e+02 9.996214578030501174e-01
3.488467000708467936e+02 9.951248526856962817e-01
3.489255952772671776e+02 1.002288070497703742e+00
3.490044744322611336e+02 1.001546092123299703e+00
3.490833375358287753e+02 1.004000958685904665e+00
3.491621845879699890e+02 9.968290518544596912e-01
3.492410155886847747e+02 9.955245466120230535e-01
3.493198305379731323e+02 1.003309657723264303e+00
3.493986294358351756e+02 1.000541180950462739e+00
3.494774122822707909e+02 1.002269515311275727e+00
3.495561790772799782e+02 9.939902056022905663e-01
3.496349298208627943e+02 1.000938910667013682e+00
3.497136645130191823e+02 1.003960767891102002e+00
3.497923831537491992e+02 9.991147510108416840e-01
3.498710857430527312e+02 9.959353157774659682e-01
3.499497722809300058e+02 9.999316729199890785e-01
3.500284427673807954e+02 1.002732360633641795e+00
3.501070972024051571e+02 1.000129944612751398e+00
3.501857355860031475e+02 1.003055868208620138e+00
3.502643579181747668e+02 9.954139163578054061e-01
3.503429641989200150e+02 1.000839361773378178e+00
3.504215544282387782e+02 1.000812680832406709e+00
3.505001286061311134e+02 1.001172821007152214e+00
3.505786867325971912e+02 9.994747761128982555e-01
3.506572288076367840e+02 9.979970722731821287e-01
3.507357548312499489e+02 1.000393073488216711e+00
3.508142648034367994e+02 1.003337319428194041e+00
3.508927587241971651e+02 9.959712614756931481e-01
3.509712365935311595e+02 9.997641997474338016e-01
3.510496984114387260e+02 1.001867742245075910e+00
3.511281441779199781e+02 9.999309304777158625e-01
3.512065738929748022e+02 9.984703321989589764e-01
3.512849875566031983e+02 9.994959503654060606e-01
3.513633851688051664e+02 1.004652169062860256e+00
3.514417667295807632e+02 1.000811424674727723e+00
3.515201322389299889e+02 9.976690120096520786e-01
3.515984816968527866e+02 9.944895568826274124e-01
3.516768151033491563e+02 1.005322200566427071e+00
3.517551324584191548e+02 1.001523697368761567e+00
3.518334337620627821e+02 9.978968872858231531e-01
3.519117190142799814e+02 9.965512808660648147e-01
3.519899882150708095e+02 1.002702773006393766e+00
3.520682413644351527e+02 1.000583376817889114e+00
3.521464784623731816e+02 9.991639567173770109e-01
3.522246995088847257e+02 9.997663125225361158e-01
3.523029045039699554e+02 1.000365795020300652e+00
3.523810934476288139e+02 1.004517397198770645e+00
3.524592663398611876e+02 9.978292445158828405e-01
3.525374231806671332e+02 1.000108412373172273e+00
3.526155639700467646e+02 9.976881126393853938e-01
3.526936887080000247e+02 1.000224465221995818e+00
3.527717973945267431e+02 9.976375353963533588e-01
3.528498900296271472e+02 1.002626731874655341e+00
3.529279666133011801e+02 1.001985131938388562e+00
3.530060271455487850e+02 9.972694147282773480e-01
3.530840716263699619e+02 1.000847636595058487e+00
3.531621000557647676e+02 1.001132364826651688e+00
3.532401124337331453e+02 1.002246895344322208e+00
3.533181087602752086e+02 9.953534163967027171e-01
3.533960890353907303e+02 9.968249332019809561e-01
3.534740532590799944e+02 1.005206487731300946e+00
3.535520014313428305e+02 1.000042344688194085e+00
3.536299335521791818e+02 9.999509247629881914e-01
3.537078496215891619e+02 1.000128715332733398e+00
3.537857496395727708e+02 1.000076692300607695e+00
3.538636336061300085e+02 9.990742842051600903e-01
3.539415015212607614e+02 1.000108686650127421e+00
3.540193533849651431e+02 9.973119094622662217e-01
3.540971891972431536e+02 1.001722656591009564e+00
3.541750089580947929e+02 1.001234230377050505e+00
3.542528126675199474e+02 9.991544456081182801e-01
3.543306003255187875e+02 9.967618799753207304e-01
3.544083719320911428e+02 1.005882877677796161e+00
3.544861274872371837e+02 9.978260107129557355e-01
3.545638669909567398e+02 9.981642151499273696e-01
3.546415904432499815e+02 1.001642568957038515e+00
3.547192978441167952e+02 9.993789358357968444e-01
3.547969891935571809e+02 1.002247989330900202e+00
3.548746644915711386e+02 9.985178762059591095e-01
3.549523237381587819e+02 9.976129416585387544e-01
3.550299669333199972e+02 1.003238950122440576e+00
3.551075940770547845e+02 1.001810367312111039e+00
3.551852051693632006e+02 9.984794370330294377e-01
3.552628002102451887e+02 9.991373806460257523e-01
3.553403791997008057e+02 9.977907148952587235e-01
3.554179421377299377e+02 1.001666055848714265e+00
3.554954890243328123e+02 1.001224183699106041e+00
3.555730198595091451e+02 9.987820397660764904e-01
3.556505346432591637e+02 1.001199081744722275e+00
3.557280333755827542e+02 9.996799520826894492e-01
3.558055160564799735e+02 9.970434119360084280e-01
3.558829826859508216e+02 1.000873598225079597e+00
3.559604332639951849e+02 9.998530015816193828e-01
3.560378677906131202e+02 1.003830207370151273e+00
3.561152862658047411e+02 9.988588339537458616e-01
3.561926886895699909e+02 9.972608580715049964e-01
3.562700750619087557e+02 1.001880358200549104e+00
3.563474453828212063e+02 1.000773801492599535e+00
3.564247996523071720e+02 9.990871617696317486e-01
3.565021378703667665e+02 9.986294685251135839e-01
3.565794600369999330e+02 1.003249933272403860e+00
3.566567661522067851e+02 1.001166273128838879e+00
3.567340562159871524e+02 9.984243518805440143e-01
3.568113302283412054e+02 9.952614343090946392e-01
3.568885881892687735e+02 1.001001219436070899e+00
3.569658300987699704e+02 1.004816516383596703e+00
3.570430559568447961e+02 9.959856349356407401e-01
3.571202657634931938e+02 1.002679746613334588e+00
3.571974595187151635e+02 9.984373136175429542e-01
3.572746372225107621e+02 9.989905984191906896e-01
3.573517988748799894e+02 1.002437385204103526e+00
3.574289444758227887e+02 9.991521840619737027e-01
3.575060740253392169e+02 9.984020790550069968e-01
3.575831875234291601e+02 1.000128181038903996e+00
3.576602849700927891e+02 1.001653707641555036e+00
3.577373663653299332e+02 1.002305442602570595e+00
3.578144317091407629e+02 9.981429492135853732e-01
3.578914810015251646e+02 9.975748267436895800e-01
3.579685142424831952e+02 1.002347079077364533e+00
3.580455314320147409e+02 1.000076742250812556e+00
3.581225325701199722e+02 9.983914552530710473e-01
3.581995176567987755e+02 9.992020495589780671e-01
3.582764866920511508e+02 1.001851233436972910e+00
3.583534396758771550e+02 1.000069278567165210e+00
3.584303766082767879e+02 1.000020321549154989e+00
3.585072974892499929e+02 1.001831777264589496e+00
3.585842023187967698e+02 9.993913149561842735e-01
3.586610910969171755e+02 9.961926388447128744e-01
3.587379638236111532e+02 1.000432347783075437e+00
3.588148204988787597e+02 1.002100635301810039e+00
3.588916611227199382e+02 1.000368867150941643e+00
3.589684856951348024e+02 1.001847611831731655e+00
3.590452942161231249e+02 9.953054405383296999e-01
3.591220866856851899e+02 1.002336533785333383e+00
3.591988631038207700e+02 1.003954142476712885e+00
3.592756234705299789e+02 9.934348584846126595e-01
3.593523677858128167e+02 1.004432572649402777e+00
3.594290960496691696e+02 9.994842366517885379e-01
3.595058082620991513e+02 9.970601226214085289e-01
3.595825044231027618e+02 1.000825712532272149e+00
3.596591845326800012e+02 1.000402145883774185e+00
3.597358485908307557e+02 1.002102075475925114e+00
3.598124965975551959e+02 9.987345825035129909e-01
3.598891285528531512e+02 9.987984051720097955e-01
3.599657444567247921e+02 1.002190839627044472e+00
3.600423443091699482e+02 1.000499478386043473e+00
3.601189281101887900e+02 9.980157945696169763e-01
3.601954958597811469e+02 9.970567079479096817e-01
3.602720475579471895e+02 1.001519314717608244e+00
3.603485832046867472e+02 1.002945463030685547e+00
3.604251027999999906e+02 9.988041764303977610e-01
3.605016063438868059e+02 1.000079413238001758e+00
3.605780938363471932e+02 1.001434322100362762e+00
3.606545652773811526e+02 1.002334294630553346e+00
3.607310206669887407e+02 9.947216632619730881e-01
3.608074600051700145e+02 1.001559015637955241e+00
3.608838832919247466e+02 1.002438867953252100e+00
3.609602905272531643e+02 9.967888907445041635e-01
3.610366817111551541e+02 1.000553112182590132e+00
3.611130568436307726e+02 1.001528247652912373e+00
3.611894159246799632e+02 9.987977991188107252e-01
3.612657589543027825e+02 1.000110840480774588e+00
3.613420859324991739e+02 1.002045722022145036e+00
3.614183968592691940e+02 9.940453885439769488e-01
3.614946917346127293e+02 1.001439517676481872e+00
3.615709705585299503e+02 1.003911499262657436e+00
3.616472333310208001e+02 9.971501470793996402e-01
3.617234800520851650e+02 1.003284983711343781e+00
3.617997107217231587e+02 9.974646976888730254e-01
3.618759253399347813e+02 9.982586936685714507e-01
3.619521239067199758e+02 1.002882294006154584e+00
3.620283064220787423e+02 9.959480834026922524e-01
3.621044728860111945e+02 1.001750353878469113e+00
3.621806232985171619e+02 1.002923749720875835e+00
3.622567576595967580e+02 1.000621026190939400e+00
3.623328759692499261e+02 1.000476069934973955e+00
3.624089782274767799e+02 9.967297302575920392e-01
3.624850644342771488e+02 1.003571110998510374e+00
3.625611345896512034e+02 9.955946137095207371e-01
3.626371886935987732e+02 1.001063197526065984e+00
3.627132267461199717e+02 1.001552922960640135e+00
3.627892487472147991e+02 1.000690746474936166e+00
3.628652546968831984e+02 9.948116958929700271e-01
3.629412445951251129e+02 1.002371351408327893e+00
3.630172184419407699e+02 1.005429553098574402e+00
3.630931762373299989e+02 9.975880690469174361e-01
3.631691179812927430e+02 9.995109196063340917e-01
3.632450436738291728e+02 1.003215921005329969e+00
3.633209533149391746e+02 9.988736784722411777e-01
3.633968469046228051e+02 9.958025508803218795e-01
3.634727244428799509e+02 9.961306611534457289e-01
3.635485859297107822e+02 1.004402620869791818e+00
3.636244313651151288e+02 1.000833332114664076e+00
3.637002607490931609e+02 9.989367809087306149e-01
3.637760740816447651e+02 1.000622360639947361e+00
3.638518713627699981e+02 1.002460197458100888e+00
3.639276525924688030e+02 9.975792368888559691e-01
3.640034177707411800e+02 1.000783130688625011e+00
3.640791668975871289e+02 1.001662533025497792e+00
3.641548999730067635e+02 1.000755058784956297e+00
3.642306169969999701e+02 9.902084662685561867e-01
3.643063179695667486e+02 1.003637398804411385e+00
3.643820028907072128e+02 1.001397797855242855e+00
3.644576717604211353e+02 1.002905834800883245e+00
3.645333245787088003e+02 9.997377967960742184e-01
3.646089613455699805e+02 9.967228887232114642e-01
3.646845820610047895e+02 9.995044922144824540e-01
3.647601867250131704e+02 1.004444562697832222e+00
3.648357753375951802e+02 9.999212405908717294e-01
3.649113478987507619e+02 9.964785948767383994e-01
3.649869044084799725e+02 9.987900101954167997e-01
3.650624448667828119e+02 1.006352449696847007e+00
3.651379692736591664e+02 9.997288064146245823e-01
3.652134776291091498e+02 9.961449971626703537e-01
3.652889699331327620e+02 9.995276786664700763e-01
3.653644461857300030e+02 1.002745910554098119e+00
3.654399063869007591e+02 1.000926571638255824e+00
3.655153505366452009e+02 9.982223141030507341e-01
3.655907786349631579e+02 9.975700374620315447e-01
3.656661906818548005e+02 9.983389054350745306e-01
3.657415866773199582e+02 1.003619901269371395e+00
3.658169666213588016e+02 1.002627839927467068e+00
3.658923305139712170e+02 9.935388684056335462e-01
3.659676783551572044e+02 1.002078540201824852e+00
3.660430101449167637e+02 9.981827347713828624e-01
3.661183258832499519e+02 1.000768009796024316e+00
3.661936255701567688e+02 1.004930117023283165e+00
3.662689092056371578e+02 9.940969718741186067e-01
3.663441767896911188e+02 9.994050662345368430e-01
3.664194283223187654e+02 1.008031294620500118e+00
3.664946638035199840e+02 9.982907854551743565e-01
3.665698832332947745e+02 9.982401708057704326e-01
3.666450866116431939e+02 1.001001324329375164e+00
3.667202739385651284e+02 9.972955830292261625e-01
3.667954452140608055e+02 1.002529623992737262e+00
3.668706004381299408e+02 9.998547773957080498e-01
3.669457396107727618e+02 9.956996511485947110e-01
3.670208627319892116e+02 9.999494295082919093e-01
3.670959698017791766e+02 9.959607812250372838e-01
3.671710608201427704e+02 1.003673358256591763e+00
3.672461357870799930e+02 1.001880141271728641e+00
3.673211947025907875e+02 9.996221104198199647e-01
3.673962375666751541e+02 1.000289496471807649e+00
3.674712643793331495e+02 1.005452148022240255e+00
3.675462751405647737e+02 1.001817336001071368e+00
3.676212698503699698e+02 1.001348869049212054e+00
3.676962485087487380e+02 1.000924381985081046e+00
3.677712111157011918e+02 9.993802422154476339e-01
3.678461576712271608e+02 9.994543317143511629e-01
3.679210881753267586e+02 9.997852496943847589e-01
3.679960026279999283e+02 9.936149205001837403e-01
3.680709010292467838e+02 9.997958692926971480e-01
3.681457833790672112e+02 9.989127012058462984e-01
3.682206496774611537e+02 1.004117602743530124e+00
3.682954999244287251e+02 9.970823798166321694e-01
3.683703341199699821e+02 9.991258098430723100e-01
3.684451522640848111e+02 1.002565814213325357e+00
3.685199543567731553e+02 9.956648126591427506e-01
3.685947403980351282e+02 1.003013882865505302e+00
3.686695103878707869e+02 1.005233877345689697e+00
3.687442643262800175e+02 9.944697655719414442e-01
3.688190022132627632e+02 9.987925764672268558e-01
3.688937240488191946e+02 9.969803558202214866e-01
3.689684298329491412e+02 1.005050035883001014e+00
3.690431195656527734e+02 9.969380908275234932e-01
3.691177932469299776e+02 1.002370255024185308e+00
3.691924508767807538e+02 1.002226045102827312e+00
3.692670924552052156e+02 9.960407955915574485e-01
3.693417179822031926e+02 1.002360943082734934e+00
3.694163274577747416e+02 1.004327867699062349e+00
3.694909208819199762e+02 1.002234193567649090e+00
3.695654982546387828e+02 9.967935584187447295e-01
3.696400595759311614e+02 1.002583916390547447e+00
3.697146048457971119e+02 9.953657181390312969e-01
3.697891340642367481e+02 1.000675507015532428e+00
3.698636472312500132e+02 9.995067863903323024e-01
3.699381443468367365e+02 9.957290260351232547e-01
3.700126254109972024e+02 1.005650441695233654e+00
3.700870904237311265e+02 9.971634223416955267e-01
3.701615393850387932e+02 9.962452974194693223e-01
3.702359722949199750e+02 1.002491747755335671e+00
3.703103891533747856e+02 1.001506378053075075e+00
3.703847899604032250e+02 1.003329493339978784e+00
3.704591747160051796e+02 9.996702592926941522e-01
3.705335434201807630e+02 9.967663856924563470e-01
3.706078960729299752e+02 9.943120832222902550e-01
3.706822326742528162e+02 1.004535654238876585e+00
3.707565532241491724e+02 1.004623071278170299e+00
3.708308577226191574e+02 9.978455944456985360e-01
3.709051461696627712e+02 9.969141803580395811e-01
3.709794185652800138e+02 1.003106821644560886e+00
3.710536749094707716e+02 9.978595553885581948e-01
3.711279152022351582e+02 9.978816231474608722e-01
3.712021394435731736e+02 1.002582314288483767e+00
3.712763476334847610e+02 9.989276642584334898e-01
3.713505397719699204e+02 1.002527735263790909e+00
3.714247158590287654e+02 9.965984496447997110e-01
3.714988758946611824e+02 1.000132039848034671e+00
3.715730198788671714e+02 9.979971098146969144e-01
3.716471478116467324e+02 1.003813603495592011e+00
3.717212596929999791e+02 1.004373180187945636e+00
3.717953555229267977e+02 9.967392060324710146e-01
3.718694353014271883e+02 9.979213887651727788e-01
3.719434990285012077e+02 1.003401250845365356e+00
3.720175467041487423e+02 9.969290124823304566e-01
3.720915783283699625e+02 1.002835405852952277e+00
3.721655939011647547e+02 1.001529675957677057e+00
3.722395934225331757e+02 9.962412776915257062e-01
3.723135768924751687e+02 9.945223473885007603e-01
3.723875443109907906e+02 1.007320069330446488e+00
3.724614956780799275e+02 1.002551109664308715e+00
3.725354309937427502e+02 9.948679353090305044e-01
3.726093502579792016e+02 9.998564639026649159e-01
3.726832534707891682e+02 1.001695156634392569e+00
3.727571406321727636e+02 1.002486890704440858e+00
3.728310117421299879e+02 9.952454444382816678e-01
3.729048668006607841e+02 9.994627704832127479e-01
3.729787058077651523e+02 1.003915667367786035e+00
3.730525287634432061e+02 9.979532650053485332e-01
3.731263356676947751e+02 9.995447961093867351e-01
3.732001265205199729e+02 1.002775160014515610e+00
3.732739013219187427e+02 9.986559797155634133e-01
3.733476600718911982e+02 9.943143130114623363e-01
3.734214027704371688e+02 1.004087034814264978e+00
3.734951294175567682e+02 1.000422972013738532e+00
3.735688400132499396e+02 1.000792056888680337e+00
3.736425345575167967e+02 9.984277840735102938e-01
3.737162130503572257e+02 1.001445505779277045e+00
3.737898754917711699e+02 9.981872661203272656e-01
3.738635218817587429e+02 9.988440312334446736e-01
3.739371522203199447e+02 1.002091419357953983e+00
3.740107665074547754e+02 1.001032045821082628e+00
3.740843647431631780e+02 9.982913251310907565e-01
3.741579469274452094e+02 9.998974735478689535e-01
3.742315130603007560e+02 1.004073588797145478e+00
3.743050631417299883e+02 9.980263856238823506e-01
3.743785971717327357e+02 9.969894721212861910e-01
3.744521151503091687e+02 1.000711681151399857e+00
3.745256170774591737e+02 9.960887311757731233e-01
3.745991029531827508e+02 9.995526484684340573e-01
3.746725727774799566e+02 1.000242301282700641e+00
3.747460265503507912e+02 1.002793971756675173e+00
3.748194642717951979e+02 1.003161030398284970e+00
3.748928859418131765e+02 9.984780137722772952e-01
3.749662915604047271e+02 9.978981954702166313e-01
3.750396811275699633e+02 1.001123110252267967e+00
3.751130546433087716e+02 1.001977859126318871e+00
3.751864121076211518e+02 9.986630409936018138e-01
3.752597535205071608e+02 9.959325718708194053e-01
3.753330788819667418e+02 1.003330565563590904e+00
3.754063881920000085e+02 1.000575367743941513e+00
3.754796814506067335e+02 9.966655006089577551e-01
3.755529586577872010e+02 1.010211915790178994e+00
3.756262198135411268e+02 1.002002010262806442e+00
3.756994649178687951e+02 9.996574920593860325e-01
3.757726939707699216e+02 1.001008730376590217e+00
3.758459069722447907e+02 9.980059073930221958e-01
3.759191039222931749e+02 1.001004095326707199e+00
3.759922848209151880e+02 9.984895920015159909e-01
3.760654496681107162e+02 9.952373737991014879e-01
3.761385984638799869e+02 9.976754119957016442e-01
3.762117312082227727e+02 1.001304309851040575e+00
3.762848479011391873e+02 9.966214474351994257e-01
3.763579485426291740e+02 9.986869523815551375e-01
3.764310331326927326e+02 1.002535671967328179e+00
3.765041016713299769e+02 9.999708747105423567e-01
3.765771541585407363e+02 1.003337394794250104e+00
3.766501905943251813e+02 9.995535808302951075e-01
3.767232109786831415e+02 9.964533094917371603e-01
3.767962153116147874e+02 1.001111104160546272e+00
3.768692035931199484e+02 1.003195445659207374e+00
3.769421758231987951e+02 1.000490749678998537e+00
3.770151320018512138e+02 9.960232402723121492e-01
3.770880721290771476e+02 1.001608963517211848e+00
3.771609962048767102e+02 9.956980096045818796e-01
3.772339042292499585e+02 9.986493028451461917e-01
3.773067962021967787e+02 1.001780687101191392e+00
3.773796721237171710e+02 1.000377392036570390e+00
3.774525319938111920e+02 1.002516938816859549e+00
3.775253758124787282e+02 1.003648713480016719e+00
3.775982035797200069e+02 9.990169951691451056e-01
3.776710152955347439e+02 9.985856593028276107e-01
3.777438109599231666e+02 9.964483862603399356e-01
3.778165905728851612e+02 9.956830865217074500e-01
3.778893541344207847e+02 1.003008325326927075e+00
3.779621016445299233e+02 1.004618182511246349e+00
3.780348331032127476e+02 1.001996665900079186e+00
3.781075485104692007e+02 9.976963662454559900e-01
3.781802478662991689e+02 9.958032236110243574e-01
3.782529311707027091e+02 1.002891153055905926e+00
3.783255984236799918e+02 1.003963875210749146e+00
3.783982496252307897e+02 1.001616857113501791e+00
3.784708847753551595e+02 9.950246804707091330e-01
3.785435038740531581e+02 1.004003241064145957e+00
3.786161069213247856e+02 9.992100345739211020e-01
3.786886939171699851e+02 9.879779641296427828e-01
3.787612648615887565e+02 9.984456687955766130e-01
3.788338197545811568e+02 1.001870825021576206e+00
3.789063585961471290e+02 9.958976872736912123e-01
3.789788813862867869e+02 9.996075854856212306e-01
3.790513881249999599e+02 9.995168548794710617e-01
3.791238788122867618e+02 1.006219580953377379e+00
3.791963534481471925e+02 1.008468408134143957e+00
3.792688120325811951e+02 1.008357613307168332e+00
3.793412545655887129e+02 1.001325734979331639e+00
3.794136810471699732e+02 1.004971774949798391e+00
3.794860914773248055e+02 1.001997468866903107e+00
3.795584858560531529e+02 1.000054295123525616e+00
3.796308641833551860e+02 9.987945012913527210e-01
3.797032264592307342e+02 9.922494881394474664e-01
3.797755726836799681e+02 9.961378452991431764e-01
3.798479028567027740e+02 9.980420899148341185e-01
3.799202169782991518e+02 9.966014847230311169e-01
3.799925150484691585e+02 9.984332323992163305e-01
3.800647970672127940e+02 9.998303406754686096e-01
3.801370630345299446e+02 9.978928771149113697e-01
3.802093129504207809e+02 9.980565347815384403e-01
3.802815468148851892e+02 9.959543520917903958e-01
3.803537646279231694e+02 1.002268508751733123e+00
3.804259663895347217e+02 1.003477342294675889e+00
3.804981520997199596e+02 9.971806333427849500e-01
3.805703217584787694e+02 1.005090698928612802e+00
3.806424753658111513e+02 1.002513922961538073e+00
3.807146129217171620e+02 1.001847407998221140e+00
3.807867344261967446e+02 1.008286158899984075e+00
3.808588398792499561e+02 1.001278344264979747e+00
3.809309292808767395e+02 9.949923223522701976e-01
3.810030026310771518e+02 9.999224856058424038e-01
3.810750599298511361e+02 9.973644441682353312e-01
3.811471011771987492e+02 9.999241277458587041e-01
3.812191263731199342e+02 9.966349681765753754e-01
3.812911355176147481e+02 1.000676173455752105e+00
3.813631286106831908e+02 9.964585898072069181e-01
3.814351056523251486e+02 1.004076710889321600e+00
3.815070666425407353e+02 9.955998670783174909e-01
3.815790115813299508e+02 1.000798866899448525e+00
3.816509404686927951e+02 9.987200729368123087e-01
3.817228533046291545e+02 9.989512716735107212e-01
3.817947500891391996e+02 9.975858737704733636e-01
3.818666308222227599e+02 1.000234628651474278e+00
3.819384955038800058e+02 9.976670846436151985e-01
3.820103441341107668e+02 1.002977163119052939e+00
3.820821767129151567e+02 9.980594570716943004e-01
3.821539932402931754e+02 9.981304146779924613e-01
3.822257937162447661e+02 9.984566918646239353e-01
3.822975781407699287e+02 1.005761922294567290e+00
3.823693465138687770e+02 9.962238739191712211e-01
3.824410988355411973e+02 1.007699421972814147e+00
3.825128351057871896e+02 1.001800962871720824e+00
3.825845553246067539e+02 9.970187816295623673e-01
3.826562594919999469e+02 1.004294215093233911e+00
3.827279476079667688e+02 1.003354567779619622e+00
3.827996196725071627e+02 1.000445262685456305e+00
3.828712756856211854e+02 1.004085741480580829e+00
3.829429156473087801e+02 9.979926172293630549e-01
3.830145395575700036e+02 9.945977838110042768e-01
3.830861474164047422e+02 9.936282810038465918e-01
3.831577392238131665e+02 1.000942507990902453e+00
3.832293149797952196e+02 1.003231850752655197e+00
3.833008746843507879e+02 9.960785719687875739e-01
3.833724183374799281e+02 1.004387434421258440e+00
3.834439459391827540e+02 9.983351967739606536e-01
3.835154574894592088e+02 1.001967168270642361e+00
3.835869529883091786e+02 9.941948816784607068e-01
3.836584324357327205e+02 9.996550060282936023e-01
3.837298958317299480e+02 1.001830554414515628e+00
3.838013431763008043e+02 9.950006901278252158e-01
3.838727744694451758e+02 1.001849640491283999e+00
3.839441897111631761e+02 1.003662381840754181e+00
3.840155889014547483e+02 1.000463283850327567e+00
3.840869720403200063e+02 9.995507205069428247e-01
3.841583391277587225e+02 1.001988178987678557e+00
3.842296901637711812e+02 1.000821636916633839e+00
3.843010251483572119e+02 1.005476771513563516e+00
3.843723440815167578e+02 9.985021246686608398e-01
3.844436469632499325e+02 9.921036739863342557e-01
3.845149337935567928e+02 9.980526139818071130e-01
3.845862045724371683e+02 9.996578951599316420e-01
3.846574592998911726e+02 1.003071429898814815e+00
3.847286979759187489e+02 9.993944681927064977e-01
3.847999206005199540e+02 1.001946149028130728e+00
3.848711271736947879e+02 1.000288128718819003e+00
3.849423176954431369e+02 1.003479935600595674e+00
3.850134921657651716e+02 9.973443108778472510e-01
3.850846505846607783e+02 1.003934969876552064e+00
3.851557929521299570e+02 9.982910117322441046e-01
3.852269192681727645e+02 9.981930070399720467e-01
3.852980295327892009e+02 1.001530469889643227e+00
3.853691237459792092e+02 9.976714370238021212e-01
3.854402019077427894e+02 9.976895413740338725e-01
3.855112640180799417e+02 1.001080440239686897e+00
3.855823100769907796e+02 1.001702637613618441e+00
3.856533400844751895e+02 9.982830921751728592e-01
3.857243540405331714e+02 9.987734203296836366e-01
3.857953519451647253e+02 9.991222477298241644e-01
3.858663337983699648e+02 1.003052096620316469e+00
3.859372996001487763e+02 1.002984691174710674e+00
3.860082493505011598e+02 9.968634211220221975e-01
3.860791830494271721e+02 9.965164672535465895e-01
3.861501006969267564e+02 1.003600986149068230e+00
3.862210022929999695e+02 9.966662476543486360e-01
3.862918878376467546e+02 9.971811258181758619e-01
3.863627573308671685e+02 1.000455940917461373e+00
3.864336107726612113e+02 1.002922499390699995e+00
3.865044481630287692e+02 1.000907734611370614e+00
3.865752695019699559e+02 1.000516611549970847e+00
3.866460747894847714e+02 9.982059145721304816e-01
3.867168640255732157e+02 9.953806664938730231e-01
3.867876372102351752e+02 1.001263668163978604e+00
3.868583943434707066e+02 1.004485094688204683e+00
3.869291354252799806e+02 9.980773917348049196e-01
3.869998604556627697e+02 9.971662230693567608e-01
3.870705694346191308e+02 9.974186206923698617e-01
3.871412623621491775e+02 1.001777505961213066e+00
3.872119392382527394e+02 1.003465419178753093e+00
3.872826000629299870e+02 1.004684377296274134e+00
3.873532448361807496e+02 9.960426383867532207e-01
3.874238735580051980e+02 9.985931398239251688e-01
3.874944862284032183e+02 1.006182860220270037e+00
3.875650828473747538e+02 9.948743619753217526e-01
3.876356634149199181e+02 9.983871646062538741e-01
3.877062279310387680e+02 1.001963091126797156e+00
3.877767763957311900e+02 1.001628721401339517e+00
3.878473088089971839e+02 9.980616980080370126e-01
3.879178251708368066e+02 1.000806072992040940e+00
3.879883254812499445e+02 9.962354867403527825e-01
3.880588097402367680e+02 9.969679724333813109e-01
3.881292779477971635e+02 1.003108573197390552e+00
3.881997301039311878e+02 1.009381093937562035e+00
3.882701662086387273e+02 9.930234252549253737e-01
3.883405862619199524e+02 9.964888899697343927e-01
3.884109902637747496e+02 9.989999855092039915e-01
3.884813782142031755e+02 1.003155621771457007e+00
3.885517501132051734e+02 1.000405645874235416e+00
3.886221059607807433e+02 1.005917871286230003e+00
3.886924457569299420e+02 1.002422120922948023e+00
3.887627695016527696e+02 1.006118222833626286e+00
3.888330771949491691e+02 1.001272682545914838e+00
3.889033688368191406e+02 1.000174655157741066e+00
3.889736444272627409e+02 1.002176211819205465e+00
3.890439039662799701e+02 1.000803660257555849e+00
3.891141474538707712e+02 1.001182045450602187e+00
3.891843748900351443e+02 1.000033557667536099e+00
3.892545862747732031e+02 9.904957280282052912e-01
3.893247816080848338e+02 9.989497762711058160e-01
3.893949608899699797e+02 9.963825659273122248e-01
3.894651241204287544e+02 9.933456311367843128e-01
3.895352712994611579e+02 9.979022543902350550e-01
3.896054024270671903e+02 1.001258525062370008e+00
3.896755175032467946e+02 9.995233414724296050e-01
3.897456165279999141e+02 1.002424048133425671e+00
3.898156995013267760e+02 9.974061862022777225e-01
3.898857664232272100e+02 1.004680878606763583e+00
3.899558172937011591e+02 9.992002035163521922e-01
3.900258521127487370e+02 9.984223647174951255e-01
3.900958708803699437e+02 1.004592748446725636e+00
3.901658735965647793e+02 9.987486916854828589e-01
3.902358602613331300e+02 9.976019368540267607e-01
3.903058308746751663e+02 9.950053428845614389e-01
3.903757854365908315e+02 1.004485167279556945e+00
3.904457239470799550e+02 1.002023041912443624e+00
3.905156464061427641e+02 9.958836011018058487e-01
3.905855528137791453e+02 9.990752375802627316e-01
3.906554431699892120e+02 1.002787117659639460e+00
3.907253174747727940e+02 1.002882081198412267e+00
3.907951757281299479e+02 9.993541466198543333e-01
3.908650179300607874e+02 9.962913097066274926e-01
3.909348440805651990e+02 9.969470641439177605e-01
3.910046541796431825e+02 1.001730156126455551e+00
3.910744482272947380e+02 1.005118740489922002e+00
3.911442262235199792e+02 1.002764854173086917e+00
3.912139881683187923e+02 9.993077473248971332e-01
3.912837340616911774e+02 9.992898517554936744e-01
3.913534639036371914e+02 9.984235467731185087e-01
3.914231776941568341e+02 1.001319135460227994e+00
3.914928754332499921e+02 9.913523385613660643e-01
3.915625571209167219e+02 9.991013588069878049e-01
3.916322227571571943e+02 1.004553491179257740e+00
3.917018723419711819e+02 9.957025169431101830e-01
3.917715058753587982e+02 9.919204411476096883e-01
3.918411233573199297e+02 9.986362128918196968e-01
3.919107247878547469e+02 1.001920989503873427e+00
3.919803101669631928e+02 1.011241130696627577e+00
3.920498794946451540e+02 1.005402669520893966e+00
3.921194327709007439e+02 9.905868516811221491e-01
3.921889699957299626e+02 9.956523894604778491e-01
3.922584911691327534e+02 1.004687425348098628e+00
3.923279962911091729e+02 1.002263222536970089e+00
3.923974853616591645e+02 1.002871474798508578e+00
3.924669583807827848e+02 9.872084372341736191e-01
3.925364153484799772e+02 9.959064922333735748e-01
3.926058562647507415e+02 1.001436817469473439e+00
3.926752811295951915e+02 9.987307642767065952e-01
3.927446899430132135e+02 9.962152064421474496e-01
3.928140827050047506e+02 1.005462179080719443e+00
3.928834594155699165e+02 1.005228408074237967e+00
3.929528200747087681e+02 1.014817510312898685e+00
3.930221646824211916e+02 1.011936069533555527e+00
3.930914932387071303e+02 1.003999134850507069e+00
3.931608057435667547e+02 1.005030338204741192e+00
3.932301021969999510e+02 9.934894986658866500e-01
3.932993825990067762e+02 1.001970553178068490e+00
3.933686469495871734e+02 1.005581212438754424e+00
3.934378952487411993e+02 9.868266645517057567e-01
3.935071274964687973e+02 9.945969233026809020e-01
3.935763436927699672e+02 9.965943244690148584e-01
3.936455438376447660e+02 9.970486830753418905e-01
3.937147279310931935e+02 9.954528063140420935e-01
3.937838959731151931e+02 1.000426277343290593e+00
3.938530479637107646e+02 1.008226336726116168e+00
3.939221839028799650e+02 9.969597693125611393e-01
3.939913037906227373e+02 9.937273260903393135e-01
3.940604076269391953e+02 9.996879669874716434e-01
3.941294954118291685e+02 1.001326965674160574e+00
3.941985671452927136e+02 9.983816664213623904e-01
3.942676228273299444e+02 9.920650769886136811e-01
3.943366624579408040e+02 1.001631479731543761e+00
3.944056860371251787e+02 1.001195357335953551e+00
3.944746935648831823e+02 9.962883186682883752e-01
3.945436850412148146e+02 1.000986998538107242e+00
3.946126604661199622e+02 1.004006075821160193e+00
3.946816198395987385e+02 1.002625187661944306e+00
3.947505631616511437e+02 1.003528531657845946e+00
3.948194904322771777e+02 1.006068592201578182e+00
3.948884016514767836e+02 1.002466659822859096e+00
3.949572968192499616e+02 9.969690780197885127e-01
3.950261759355967683e+02 9.926451705604911746e-01
3.950950390005172039e+02 9.975875507675373566e-01
3.951638860140111547e+02 1.007766156271841185e+00
3.952327169760787342e+02 1.003379260668599615e+00
3.953015318867199426e+02 9.958803631529428158e-01
3.953703307459347798e+02 9.994736202764301636e-01
3.954391135537231321e+02 9.960765110609018924e-01
3.955078803100851701e+02 9.990496714462738792e-01
3.955766310150207801e+02 1.003580135168743226e+00
3.956453656685299620e+02 9.989386542825624549e-01
3.957140842706127160e+02 9.981765790738326150e-01
3.957827868212691556e+02 9.928499569447348794e-01
3.958514733204991671e+02 1.004399684924719871e+00
3.959201437683027507e+02 9.998339409168310876e-01
3.959887981646799062e+02 1.001209685504849567e+00
3.960574365096307474e+02 1.000795298322971982e+00
3.961260588031551606e+02 1.001881212772342655e+00
3.961946650452531458e+02 9.957804476068116140e-01
3.962632552359247029e+02 9.996267009043083851e-01
3.963318293751699457e+02 9.970344725546979037e-01
3.964003874629887605e+02 9.935720351538558370e-01
3.964689294993811473e+02 9.998973545195849466e-01
3.965374554843471628e+02 1.006780195501747022e+00
3.966059654178868072e+02 1.008426498481156175e+00
3.966744592999999668e+02 9.977929414550302800e-01
3.967429371306867552e+02 9.983944643844901989e-01
3.968113989099471723e+02 1.000752700560705755e+00
3.968798446377812184e+02 1.004088250955677886e+00
3.969482743141887795e+02 1.004526684932413483e+00
3.970166879391699126e+02 9.918599461421430119e-01
3.970850855127247314e+02 9.931943266755509647e-01
3.971534670348531790e+02 9.963824754379022597e-01
3.972218325055551418e+02 9.996788820237246798e-01
3.972901819248307334e+02 9.909958647452276059e-01
3.973585152926799537e+02 9.943628239329705965e-01
3.974268326091028030e+02 1.001997871395599926e+00
3.974951338740991673e+02 1.011072971132066289e+00
3.975634190876691605e+02 1.007946749431436917e+00
3.976316882498127825e+02 1.002822670341382505e+00
3.976999413605299765e+02 1.002532369399411039e+00
3.977681784198207424e+02 9.896926820893920951e-01
3.978363994276851940e+02 1.003606329264995489e+00
3.979046043841232176e+02 1.018422549134104793e+00
3.979727932891347564e+02 9.977695944665537775e-01
3.980409661427199239e+02 9.707101099598494098e-01
3.981091229448787772e+02 9.853929290461240775e-01
3.981772636956112024e+02 1.003352603335356141e+00
3.982453883949171427e+02 1.002641750798112685e+00
3.983134970427967119e+02 1.009399636995087501e+00
3.983815896392500235e+02 1.003091653417506501e+00
3.984496661842767935e+02 9.967243682180869646e-01
3.985177266778771354e+02 1.010163999555510062e+00
3.985857711200511631e+02 1.020336587591667232e+00
3.986537995107988195e+02 1.010673485744538969e+00
3.987218118501199910e+02 9.971741529839232010e-01
3.987898081380147346e+02 9.923232599906914864e-01
3.988577883744831638e+02 9.990002940774423967e-01
3.989257525595252218e+02 9.990851846791340973e-01
3.989937006931407382e+02 9.930093839130651467e-01
3.990616327753299402e+02 9.984234085331126218e-01
3.991295488060927710e+02 9.953217781091102667e-01
3.991974487854291738e+02 9.973299217264685046e-01
3.992653327133391485e+02 1.003515149014825081e+00
3.993332005898227521e+02 1.004835246932612725e+00
3.994010524148799846e+02 1.003213218163580667e+00
3.994688881885107890e+02 9.899456444064062000e-01
3.995367079107151653e+02 9.904847192720933613e-01
3.996045115814931705e+02 1.008502324025902341e+00
3.996722992008448045e+02 9.977638612975654464e-01
3.997400707687699537e+02 1.007238702768889826e+00
3.998078262852687317e+02 9.957392004523606399e-01
3.998755657503411385e+02 9.968962074681965158e-01
3.999432891639871741e+02 9.993821655383474667e-01
