# Flat spectrum for FLMS02101
# Wavelength (nm),       Flat Response
2.900303601454299951e+02 9.974650275200986904e-01
2.901126578162727014e+02 1.000216553117921459e+00
2.901949403827968013e+02 1.006307889715382986e+00
2.902772078450022946e+02 1.005078948427392094e+00
2.903594602028891813e+02 9.966260376615655447e-01
2.904416974564574616e+02 9.996146807734653805e-01
2.905239196057071922e+02 1.005622939894802670e+00
2.906061266506382594e+02 1.001631838748358927e+00
2.906883185912507770e+02 1.000713662231027090e+00
2.907704954275446880e+02 1.004646947039840921e+00
2.908526571595199925e+02 9.957346737133331294e-01
2.909348037871766905e+02 9.916573652000492123e-01
2.910169353105147820e+02 9.979743300750968382e-01
2.910990517295342670e+02 9.969037848441067995e-01
2.911811530442351454e+02 1.003351732064575730e+00
2.912632392546174742e+02 1.005045086773335372e+00
2.913453103606811965e+02 9.957805536204775709e-01
2.914273663624262554e+02 9.959622568748253135e-01
2.915094072598528214e+02 1.004895589312406079e+00
2.915914330529606673e+02 1.000890933387926562e+00
2.916734437417500203e+02 1.001730631024955853e+00
2.917554393262206531e+02 9.988856587421122146e-01
2.918374198063727931e+02 9.950623144467921621e-01
2.919193851822062697e+02 1.003129522610942459e+00
2.920013354537211967e+02 9.953087709279379025e-01
2.920832706209175171e+02 9.984097697933392856e-01
2.921651906837952311e+02 9.977104780687449104e-01
2.922470956423543385e+02 1.000051425261365479e+00
2.923289854965948393e+02 9.990086280161456500e-01
2.924108602465167337e+02 9.976740732925143407e-01
2.924927198921200215e+02 1.002016427702085544e+00
2.925745644334047029e+02 1.002517314163401174e+00
2.926563938703707777e+02 1.004823714774723875e+00
2.927382082030183028e+02 1.000511951541746436e+00
2.928200074313472214e+02 9.999765698673174219e-01
2.929017915553574767e+02 9.980800871831193577e-01
2.929835605750491823e+02 9.980248481831249796e-01
2.930653144904222813e+02 9.940271812242678084e-01
2.931470533014767739e+02 9.984731813294024372e-01
2.932287770082127167e+02 9.950796033646482908e-01
2.933104856106299962e+02 1.000580883217684569e+00
2.933921791087286692e+02 9.968584677362934965e-01
2.934738575025087925e+02 1.001884604890944885e+00
2.935555207919703093e+02 1.000289106831832697e+00
2.936371689771131628e+02 1.004309658991164644e+00
2.937188020579374665e+02 9.971405052858964835e-01
2.938004200344431638e+02 9.991874890363178219e-01
2.938820229066303114e+02 9.971772808892648277e-01
2.939636106744987956e+02 9.995904451591031137e-01
2.940451833380486732e+02 9.958199076125620053e-01
2.941267408972800013e+02 9.928981760373636334e-01
2.942082833521926659e+02 1.007192130543876241e+00
2.942898107027867809e+02 9.918834642279974467e-01
2.943713229490622894e+02 1.007796317768805849e+00
2.944528200910191913e+02 1.001268185687982371e+00
2.945343021286574867e+02 9.979241504504618998e-01
2.946157690619771756e+02 1.002539982522169471e+00
2.946972208909782580e+02 9.976774812039088669e-01
2.947786576156607907e+02 9.956832772201774651e-01
2.948600792360247169e+02 9.975850619649522244e-01
2.949414857520699798e+02 9.991206861951210660e-01
2.950228771637967498e+02 1.002063837954680015e+00
2.951042534712047427e+02 9.997644814910986444e-01
2.951856146742942997e+02 9.992056185513503719e-01
2.952669607730651364e+02 9.998087552236384346e-01
2.953482917675175372e+02 1.000005933070730713e+00
2.954296076576512178e+02 1.000176435377087003e+00
2.955109084434662918e+02 9.894828010201712765e-01
2.955921941249628162e+02 1.003035336381332243e+00
2.956734647021407341e+02 1.007692364338591107e+00
2.957547201749999886e+02 1.001864725271538248e+00
2.958359605435406934e+02 9.994131263142040922e-01
2.959171858077627917e+02 9.893903683479208233e-01
2.959983959676662835e+02 9.934332873777359518e-01
2.960795910232512256e+02 1.009295496808928050e+00
2.961607709745175043e+02 1.003143606127101961e+00
2.962419358214651766e+02 9.965863406358701493e-01
2.963230855640942991e+02 1.000153472186225967e+00
2.964042202024048152e+02 9.987494428458881801e-01
2.964853397363967247e+02 9.998693864572097967e-01
2.965664441660699708e+02 1.002964161047684710e+00
2.966475334914246673e+02 9.925727976165225064e-01
2.967286077124608141e+02 9.921882008283082754e-01
2.968096668291782976e+02 1.002439491404041982e+00
2.968907108415771745e+02 9.999564050807736582e-01
2.969717397496575018e+02 1.005266119445135331e+00
2.970527535534191657e+02 9.984260393291485292e-01
2.971337522528622799e+02 9.993750858898131639e-01
2.972147358479867876e+02 9.943528034861901510e-01
2.972957043387926888e+02 1.008517312946860311e+00
2.973766577252799834e+02 1.001279926178747948e+00
2.974575960074486716e+02 9.983337398547443842e-01
2.975385191852987532e+02 1.002211030330479202e+00
2.976194272588302852e+02 9.953849103187913938e-01
2.977003202280431537e+02 9.889903310260867997e-01
2.977811980929374727e+02 1.006993655009122746e+00
2.978620608535131851e+02 1.002859131510351220e+00
2.979429085097702909e+02 9.979798780060982200e-01
2.980237410617087903e+02 1.000208618053043619e+00
2.981045585093286832e+02 9.965443712394798093e-01
2.981853608526300263e+02 1.001406171858380434e+00
2.982661480916126493e+02 9.994116767478760099e-01
2.983469202262768363e+02 9.971202801809220251e-01
2.984276772566222462e+02 9.927162000275334686e-01
2.985084191826492201e+02 1.006674908330279505e+00
2.985891460043574739e+02 1.001802213097637839e+00
2.986698577217472348e+02 1.003299595095499264e+00
2.987505543348183323e+02 1.001660526138417273e+00
2.988312358435708234e+02 9.934870487317096766e-01
2.989119022480047079e+02 1.003684005013110170e+00
2.989925535481199859e+02 1.001167590739877156e+00
2.990731897439167142e+02 9.982627320840629093e-01
2.991538108353948360e+02 9.987280985113520249e-01
2.992344168225542944e+02 9.988177536643317866e-01
2.993150077053952032e+02 9.933030627376294719e-01
2.993955834839175054e+02 9.970627967300906835e-01
2.994761441581212011e+02 9.987409362106028921e-01
2.995566897280062904e+02 1.000280247569360625e+00
2.996372201935727730e+02 1.008178612477555580e+00
2.997177355548207061e+02 9.996539076818156122e-01
2.997982358117499757e+02 1.002005159083018127e+00
2.998787209643606957e+02 9.973920483650323687e-01
2.999591910126528091e+02 1.003419251819322344e+00
3.000396459566263161e+02 9.960204043716018862e-01
3.001200857962812165e+02 9.966635421343019718e-01
3.002005105316175104e+02 9.980129643703908870e-01
3.002809201626351978e+02 9.998312677321434805e-01
3.003613146893342787e+02 9.913961071063849273e-01
3.004416941117148099e+02 9.997524210854925597e-01
3.005220584297766777e+02 1.001720086564131362e+00
3.006024076435199959e+02 1.007534687062108469e+00
3.006827417529447075e+02 9.968291051440342221e-01
3.007630607580507558e+02 1.001693488826296496e+00
3.008433646588382544e+02 9.974708099132286732e-01
3.009236534553072033e+02 9.894079757452622914e-01
3.010039271474574889e+02 1.005216942898066845e+00
3.010841857352891680e+02 1.001568639460052479e+00
3.011644292188022973e+02 1.003133652766873718e+00
3.012446575979967633e+02 9.999670755589542548e-01
3.013248708728726797e+02 1.004422293931814592e+00
3.014050690434299895e+02 9.957594766740209824e-01
3.014852521096687497e+02 1.006139201470356070e+00
3.015654200715887896e+02 9.972521714556547012e-01
3.016455729291903367e+02 1.002661820189464592e+00
3.017257106824731636e+02 9.938711910840818398e-01
3.018058333314374977e+02 9.923290284454413523e-01
3.018859408760831684e+02 9.980585623523936523e-01
3.019660333164102894e+02 9.976996437189600275e-01
3.020461106524188040e+02 9.987384070973751582e-01
3.021261728841087120e+02 1.002520469109341450e+00
3.022062200114800135e+02 1.006209238855854560e+00
3.022862520345327084e+02 9.923232310215368557e-01
3.023662689532667969e+02 1.004783942274849018e+00
3.024462707676823356e+02 1.002597741910550289e+00
3.025262574777792111e+02 1.002866244143076679e+00
3.026062290835574800e+02 9.978656768454469139e-01
3.026861855850171992e+02 9.970154276992275744e-01
3.027661269821583119e+02 9.984286622624052310e-01
3.028460532749808181e+02 1.000843830460128814e+00
3.029259644634847177e+02 9.993741165051107656e-01
3.030058605476700109e+02 9.957170282911328441e-01
3.030857415275366975e+02 1.002069400867435345e+00
3.031656074030847776e+02 1.004302137188074262e+00
3.032454581743143081e+02 9.943960642756470847e-01
3.033252938412251751e+02 1.004387672149967825e+00
3.034051144038174925e+02 9.980028484431896496e-01
3.034849198620912034e+02 9.948958054046347366e-01
3.035647102160463078e+02 1.003177031959685550e+00
3.036444854656828056e+02 1.006706527589579903e+00
3.037242456110006970e+02 9.960555714662063798e-01
3.038039906519999818e+02 9.981215120178791311e-01
3.038837205886806601e+02 9.984708760966441998e-01
3.039634354210427887e+02 9.997408845631937657e-01
3.040431351490862539e+02 9.917729199980926946e-01
3.041228197728111695e+02 1.003911736484137007e+00
3.042024892922174786e+02 9.991140109922642676e-01
3.042821437073051811e+02 9.986881332775660036e-01
3.043617830180742772e+02 9.978273165479112361e-01
3.044414072245247667e+02 1.002995554090800212e+00
3.045210163266566497e+02 9.956383510695664407e-01
3.046006103244699830e+02 1.001290361793846451e+00
3.046801892179646529e+02 1.003249565877416538e+00
3.047597530071408301e+02 9.998668721169531315e-01
3.048393016919982870e+02 9.986106737371260866e-01
3.049188352725371942e+02 9.953010983993091365e-01
3.049983537487574381e+02 9.964019024916777045e-01
3.050778571206592460e+02 9.933387157171318371e-01
3.051573453882423337e+02 1.001715415447314239e+00
3.052368185515068149e+02 1.007696665607406228e+00
3.053162766104526895e+02 1.006754430556543012e+00
3.053957195650800145e+02 9.981873917421382192e-01
3.054751474153887330e+02 9.984942541020453977e-01
3.055545601613787881e+02 1.000404095853654196e+00
3.056339578030502935e+02 9.976901767631406459e-01
3.057133403404031924e+02 9.939371994839780733e-01
3.057927077734374848e+02 9.997367033200782460e-01
3.058720601021532275e+02 1.002294920437040382e+00
3.059513973265503068e+02 9.951480639037232345e-01
3.060307194466287797e+02 9.997710196731102172e-01
3.061100264623887028e+02 1.001663518024562993e+00
3.061893183738300195e+02 9.996360709425990976e-01
3.062685951809526728e+02 1.001898953297758466e+00
3.063478568837567764e+02 1.000324048605100380e+00
3.064271034822422735e+02 9.976898975739856290e-01
3.065063349764092209e+02 9.959856722696995845e-01
3.065855513662575049e+02 1.002455428853414432e+00
3.066647526517871825e+02 9.978507064008946825e-01
3.067439388329983103e+02 9.977081892997917700e-01
3.068231099098907748e+02 9.977423714972361024e-01
3.069022658824646896e+02 1.002375706389325716e+00
3.069814067507199979e+02 9.988565879588504615e-01
3.070605325146566997e+02 1.000065424989979856e+00
3.071396431742747950e+02 1.002666537500765731e+00
3.072187387295742838e+02 1.002735315842510966e+00
3.072978191805551660e+02 9.964989376434060242e-01
3.073768845272174985e+02 1.000246839868657922e+00
3.074559347695611677e+02 9.988822834813917417e-01
3.075349699075862873e+02 9.980915582389744412e-01
3.076139899412928003e+02 1.000741255067653324e+00
3.076929948706806499e+02 9.978351924029971176e-01
3.077719846957499499e+02 1.005525484817980431e+00
3.078509594165006433e+02 1.001174425957426894e+00
3.079299190329327871e+02 1.000144304420218511e+00
3.080088635450463244e+02 9.924651658576558733e-01
3.080877929528411414e+02 9.914314505198666971e-01
3.081667072563175225e+02 9.994308426817731794e-01
3.082456064554751833e+02 1.000756325698300753e+00
3.083244905503142945e+02 1.001215218004643859e+00
3.084033595408347992e+02 1.003376914160741373e+00
3.084822134270366973e+02 9.983324593303372074e-01
3.085610522089199890e+02 1.005556265205902911e+00
3.086398758864847309e+02 1.000299872068302287e+00
3.087186844597308095e+02 9.953255125912624512e-01
3.087974779286583384e+02 9.994200441085091535e-01
3.088762562932672040e+02 9.955535720109993658e-01
3.089550195535575199e+02 9.977791872207966151e-01
3.090337677095292293e+02 1.005391110824939371e+00
3.091125007611823321e+02 1.004185277371913099e+00
3.091912187085168284e+02 9.967236345672664255e-01
3.092699215515327182e+02 9.979825541831474078e-01
3.093486092902300015e+02 1.003138956972521534e+00
3.094272819246086783e+02 9.992672926476641182e-01
3.095059394546688054e+02 9.990164249081998626e-01
3.095845818804103260e+02 9.942394863689472118e-01
3.096632092018331832e+02 1.000898966747292507e+00
3.097418214189374908e+02 1.001794815663335170e+00
3.098204185317231918e+02 9.935864497634627757e-01
3.098990005401902863e+02 1.003654475215113306e+00
3.099775674443387743e+02 9.969847919425465221e-01
3.100561192441687126e+02 1.002290567023558676e+00
3.101346559396799876e+02 1.005959642830062784e+00
3.102131775308727129e+02 9.974991887826701875e-01
3.102916840177467748e+02 9.993416125300014219e-01
3.103701754003022870e+02 9.941806843367716473e-01
3.104486516785391927e+02 1.001950788331044562e+00
3.105271128524574920e+02 9.949498645520189477e-01
3.106055589220571846e+02 9.960459538095808307e-01
3.106839898873382708e+02 9.999212044616843098e-01
3.107624057483007505e+02 1.001164720022752253e+00
3.108408065049446805e+02 9.987126820620839673e-01
3.109191921572699471e+02 1.003913515758530828e+00
3.109975627052766640e+02 1.001610306942659845e+00
3.110759181489647744e+02 9.976020649618919656e-01
3.111542584883342784e+02 9.994778354227562556e-01
3.112325837233852326e+02 9.961125707098668070e-01
3.113108938541174666e+02 1.002264601028812985e+00
3.113891888805312078e+02 1.005271351653847622e+00
3.114674688026262857e+02 9.998221846474494301e-01
3.115457336204028138e+02 1.000486791008033505e+00
3.116239833338607355e+02 9.997282341642317327e-01
3.117022179429999937e+02 1.003257531904306443e+00
3.117804374478207023e+02 9.952316149570117343e-01
3.118586418483228044e+02 9.996535003957806031e-01
3.119368311445063000e+02 9.945606196763924212e-01
3.120150053363711891e+02 9.990205801087117532e-01
3.120931644239175284e+02 9.948508505004373115e-01
3.121713084071452045e+02 9.994816408577512634e-01
3.122494372860543308e+02 9.991147236114512609e-01
3.123275510606447938e+02 1.001014016879220536e+00
3.124056497309167071e+02 1.002452339530872205e+00
3.124837332968700139e+02 1.001880332366650972e+00
3.125618017585047141e+02 1.001199062009773266e+00
3.126398551158208079e+02 9.948204216832844393e-01
3.127178933688182951e+02 1.002297272137921524e+00
3.127959165174971758e+02 9.958853314933571177e-01
3.128739245618575069e+02 9.993701509936718796e-01
3.129519175018991746e+02 9.988926337387193932e-01
3.130298953376222926e+02 9.990698045410593142e-01
3.131078580690268041e+02 9.972982303808132221e-01
3.131858056961127090e+02 1.001119214220282716e+00
3.132637382188800075e+02 1.002676310377412561e+00
3.133416556373286994e+02 1.001455789933265228e+00
3.134195579514587848e+02 9.984061100466623540e-01
3.134974451612702637e+02 1.003429685120960979e+00
3.135753172667631929e+02 1.000604313666302092e+00
3.136531742679374588e+02 9.999958701224742619e-01
3.137310161647931750e+02 9.970440481271193311e-01
3.138088429573302847e+02 9.950537024644066086e-01
3.138866546455487878e+02 9.965229669393940171e-01
3.139644512294486844e+02 1.001853352206975245e+00
3.140422327090299746e+02 9.971610588404541398e-01
3.141199990842926582e+02 1.001325208733297556e+00
3.141977503552367921e+02 1.000858636827481885e+00
3.142754865218623195e+02 9.939547446101768546e-01
3.143532075841691835e+02 1.004477117104994210e+00
3.144309135421574979e+02 9.983717938302346662e-01
3.145086043958271489e+02 1.001618497288730536e+00
3.145862801451783071e+02 1.006560684247037374e+00
3.146639407902107450e+02 1.003237368078026881e+00
3.147415863309247470e+02 9.964249449156696858e-01
3.148192167673199720e+02 9.978018934546951657e-01
3.148968320993967041e+02 9.942622686920173924e-01
3.149744323271547728e+02 9.997055651785520247e-01
3.150520174505942919e+02 9.988261501477290194e-01
3.151295874697152044e+02 9.978079944428723813e-01
3.152071423845175104e+02 1.002650934142883310e+00
3.152846821950012099e+02 9.997106674430353834e-01
3.153622069011663029e+02 9.978381189258752615e-01
3.154397165030127894e+02 9.987765239583050736e-01
3.155172110005407262e+02 1.000540956641650769e+00
3.155946903937499997e+02 9.992326989453864661e-01
3.156721546826407234e+02 9.911072981579788221e-01
3.157496038672127838e+02 1.006817469483318517e+00
3.158270379474662946e+02 9.968461402460160325e-01
3.159044569234011988e+02 9.998009426826083290e-01
3.159818607950174965e+02 9.994737330104659367e-01
3.160592495623151876e+02 1.000568731815883350e+00
3.161366232252942723e+02 9.995757245265348701e-01
3.162139817839548073e+02 9.949571437960140763e-01
3.162913252382966789e+02 1.004110033185468875e+00
3.163686535883200008e+02 9.992064086946270685e-01
3.164459668340247163e+02 9.965257393709142653e-01
3.165232649754107683e+02 1.006966559332957312e+00
3.166005480124782707e+02 1.001689354495926665e+00
3.166778159452271666e+02 9.987425558516854762e-01
3.167550687736575128e+02 9.984515771351138991e-01
3.168323064977691956e+02 9.998563856159657925e-01
3.169095291175622719e+02 9.988064402452454527e-01
3.169867366330367986e+02 1.003229357689877865e+00
3.170639290441926619e+02 9.979320804441595971e-01
3.171411063510299755e+02 9.999898391435116940e-01
3.172182685535486826e+02 9.958456095707285405e-01
3.172954156517487831e+02 9.924613042103972438e-01
3.173725476456302772e+02 9.966517813311555063e-01
3.174496645351932216e+02 9.975563899231524312e-01
3.175267663204374458e+02 1.004534505485898954e+00
3.176038530013632339e+02 1.006500879272232085e+00
3.176809245779702451e+02 9.996999551168640474e-01
3.177579810502588202e+02 1.000725337066904475e+00
3.178350224182286752e+02 9.972558311146720866e-01
3.179120486818800373e+02 9.943554212938247039e-01
3.179890598412126792e+02 9.998908189258991497e-01
3.180660558962268283e+02 1.004705590548751415e+00
3.181430368469222572e+02 9.997251454995937925e-01
3.182200026932991932e+02 1.002422515091225375e+00
3.182969534353575227e+02 9.990605419460665271e-01
3.183738890730971889e+02 9.997840433455708054e-01
3.184508096065183054e+02 9.972604304110632700e-01
3.185277150356208153e+02 9.957764223973699647e-01
3.186046053604047188e+02 9.996492710015993932e-01
3.186814805808700157e+02 9.956702141955404706e-01
3.187583406970167061e+02 9.998117836993221097e-01
3.188351857088447900e+02 9.974829302735951364e-01
3.189120156163543243e+02 1.002850728378661405e+00
3.189888304195451951e+02 1.000742724073106826e+00
3.190656301184175163e+02 1.001425996194305945e+00
3.191424147129711741e+02 9.956632393432170991e-01
3.192191842032062823e+02 1.003882519939522711e+00
3.192959385891227839e+02 1.000724798212804245e+00
3.193726778707206790e+02 9.926149249558395837e-01
3.194494020479999676e+02 9.994717903781120683e-01
3.195261111209607066e+02 1.003158021930776300e+00
3.196028050896027821e+02 1.000298716074953909e+00
3.196794839539263080e+02 9.934067513692717011e-01
3.197561477139311705e+02 9.999377342239265110e-01
3.198327963696174834e+02 1.002342878165727980e+00
3.199094299209851897e+02 1.000038268865012014e+00
3.199860483680342895e+02 9.990638940877659691e-01
3.200626517107647828e+02 9.945326215208346587e-01
3.201392399491766696e+02 1.001165408777779708e+00
3.202158130832700067e+02 1.001397568248238112e+00
3.202923711130446804e+02 1.007779120046832899e+00
3.203689140385007477e+02 9.992925500825216023e-01
3.204454418596382652e+02 1.003158147382326115e+00
3.205219545764571762e+02 9.964462618406136896e-01
3.205984521889575376e+02 9.961977255625485972e-01
3.206749346971391788e+02 9.965718528145339761e-01
3.207514021010023271e+02 9.948806115979759168e-01
3.208278544005467552e+02 1.000874397345805633e+00
3.209042915957727473e+02 1.002253719301747337e+00
3.209807136866799624e+02 1.000215014151232928e+00
3.210571206732687415e+02 1.000492925461865301e+00
3.211335125555387435e+02 9.937352318078517266e-01
3.212098893334903096e+02 9.988076574277304776e-01
3.212862510071231554e+02 1.000783347376313026e+00
3.213625975764375085e+02 1.001432867525254178e+00
3.214389290414331981e+02 9.998056217579616156e-01
3.215152454021103381e+02 9.996423575709102449e-01
3.215915466584688147e+02 1.000038047215737746e+00
3.216678328105086848e+02 1.003084828419297914e+00
3.217441038582300052e+02 9.951480420990156395e-01
3.218203598016327192e+02 9.948844134057097666e-01
3.218966006407168265e+02 1.001270569937365407e+00
3.219728263754823274e+02 1.002820611258841144e+00
3.220490370059292218e+02 1.001786447467704066e+00
3.221252325320575096e+02 9.989782542315369662e-01
3.222014129538671909e+02 9.980765184989347505e-01
3.222775782713583226e+02 9.984628528392889280e-01
3.223537284845307909e+02 9.960065259198914722e-01
3.224298635933847095e+02 1.002544134818187604e+00
3.225059835979200216e+02 1.003667288376014044e+00
3.225820884981366703e+02 9.998460384748075747e-01
3.226581782940347694e+02 9.956292411497951189e-01
3.227342529856142619e+02 9.936022646710476192e-01
3.228103125728752048e+02 1.003758353266179792e+00
3.228863570558174843e+02 9.960695192571229484e-01
3.229623864344412141e+02 9.988233002290021201e-01
3.230384007087462805e+02 1.004537538059071977e+00
3.231143998787327973e+02 9.974480869833914909e-01
3.231903839444007076e+02 9.930305296105931268e-01
3.232663529057499545e+02 1.002385292548289231e+00
3.233423067627806518e+02 1.002704034780003362e+00
3.234182455154927993e+02 9.971801651929175225e-01
3.234941691638862835e+02 1.000939397782885321e+00
3.235700777079611612e+02 9.984868507263181536e-01
3.236459711477174892e+02 1.003225630977845118e+00
3.237218494831552107e+02 9.990240889710891858e-01
3.237977127142742688e+02 9.939610095450580607e-01
3.238735608410748341e+02 1.003558068842263618e+00
3.239493938635566792e+02 9.989477057539161153e-01
3.240252117817200315e+02 9.990823015643920391e-01
3.241010145955646635e+02 1.001655680083380240e+00
3.241768023050908027e+02 1.000648974475998321e+00
3.242525749102982786e+02 9.950158457442832560e-01
3.243283324111872048e+02 9.976469005306268789e-01
3.244040748077574676e+02 9.992287175272289712e-01
3.244798021000092376e+02 1.004891137576136684e+00
3.245555142879422874e+02 9.997706588711328113e-01
3.246312113715567875e+02 1.003257608101462361e+00
3.247068933508527380e+02 9.980585065169479408e-01
3.247825602258300250e+02 1.004956870540305580e+00
3.248582119964887056e+02 9.983762386061948435e-01
3.249338486628287797e+02 1.000587290709570976e+00
3.250094702248503040e+02 1.000110488287219157e+00
3.250850766825532219e+02 9.914553968939424644e-01
3.251606680359374764e+02 9.985631169929102269e-01
3.252362442850031812e+02 9.966303117605227468e-01
3.253118054297502795e+02 9.992419119906926772e-01
3.253873514701787713e+02 1.000095740195687588e+00
3.254628824062887134e+02 1.000006066889792766e+00
3.255383982380799921e+02 1.002585057228946308e+00
3.256138989655527212e+02 9.978350565297976482e-01
3.256893845887067869e+02 9.982043959376681874e-01
3.257648551075423029e+02 1.000644630690708192e+00
3.258403105220592124e+02 9.965968157353595203e-01
3.259157508322575154e+02 9.981773101356177236e-01
3.259911760381372119e+02 1.001382103793093004e+00
3.260665861396983018e+02 1.001698793206826199e+00
3.261419811369407853e+02 9.966860111196116367e-01
3.262173610298646622e+02 1.000253796797143213e+00
3.262927258184699895e+02 9.952581472058352752e-01
3.263680755027566533e+02 9.971303381554517120e-01
3.264434100827247676e+02 1.004367830733841505e+00
3.265187295583742753e+02 9.999094782232391676e-01
3.265940339297051764e+02 1.002212821822949129e+00
3.266693231967174711e+02 9.969542996146274483e-01
3.267445973594111592e+02 9.992673658930480984e-01
3.268198564177863545e+02 9.977403341237913725e-01
3.268951003718427728e+02 1.002632501774284091e+00
3.269703292215806982e+02 1.000224477082427121e+00
3.270455429669999603e+02 9.944065058691364811e-01
3.271207416081007295e+02 1.002629404572613625e+00
3.271959251448827786e+02 1.000236333825202495e+00
3.272710935773463348e+02 1.003810949285782517e+00
3.273462469054911708e+02 9.912130004806432026e-01
3.274213851293175139e+02 1.000723242160936888e+00
3.274965082488251369e+02 1.001981266313634933e+00
3.275716162640143239e+02 1.002505009213981335e+00
3.276467091748847906e+02 9.951631602405343058e-01
3.277217869814367077e+02 9.952646066386174883e-01
3.277968496836700183e+02 9.976661561574060588e-01
3.278718972815847224e+02 1.002892194108878643e+00
3.279469297751808199e+02 1.001016263948849572e+00
3.280219471644583109e+02 9.991846954518872614e-01
3.280969494494171954e+02 9.976492377224052133e-01
3.281719366300575302e+02 1.001709078162235311e+00
3.282469087063792017e+02 9.974492181882992359e-01
3.283218656783823235e+02 9.967561905977112557e-01
3.283968075460667819e+02 1.003582808436742857e+00
3.284717343094326907e+02 9.982618100454766497e-01
3.285466459684799929e+02 9.987053989480025873e-01
3.286215425232086886e+02 1.002986451957755376e+00
3.286964239736187778e+02 9.966194918170564465e-01
3.287712903197103174e+02 9.965410337867600665e-01
3.288461415614831935e+02 1.000781207362224867e+00
3.289209776989374632e+02 1.005726994874964975e+00
3.289957987320731831e+02 9.987903091778371767e-01
3.290706046608902966e+02 9.940366832792527640e-01
3.291453954853888035e+02 9.985122920325911755e-01
3.292201712055687040e+02 1.000060146592891330e+00
3.292949318214299979e+02 1.000006766680540338e+00
3.293696773329726852e+02 1.002154710282756600e+00
3.294444077401967661e+02 1.004499574355026903e+00
3.295191230431022973e+02 9.981113006112440900e-01
3.295938232416891651e+02 1.000316114706452097e+00
3.296685083359574833e+02 9.966355765944235889e-01
3.297431783259071949e+02 9.999691841760186550e-01
3.298178332115383000e+02 9.970028472210821224e-01
3.298924729928508555e+02 9.991833547164664653e-01
3.299670976698446907e+02 9.969507797631379509e-01
3.300417072425200331e+02 1.000096398521369556e+00
3.301163017108766553e+02 1.000085709977303949e+00
3.301908810749148415e+02 9.993858460430714574e-01
3.302654453346342507e+02 9.972091877893076717e-01
3.303399944900352239e+02 9.973872591577226387e-01
3.304145285411174768e+02 9.994819882556219559e-01
3.304890474878812370e+02 9.995945527418711452e-01
3.305635513303262769e+02 1.001739165159419853e+00
3.306380400684528240e+02 1.002017810217266103e+00
3.307125137022607078e+02 9.966237757672100628e-01
3.307869722317499850e+02 9.955901045443379394e-01
3.308614156569207125e+02 9.972117268773273979e-01
3.309358439777728336e+02 9.993563815579612486e-01
3.310102571943062912e+02 9.997058780815478718e-01
3.310846553065211992e+02 9.993060550746024617e-01
3.311590383144175007e+02 9.954597651171404049e-01
3.312334062179951957e+02 9.977469780128921384e-01
3.313077590172542841e+02 9.994568235669326617e-01
3.313820967121948229e+02 1.003811535685041001e+00
3.314564193028166983e+02 1.001587160080233740e+00
3.315307267891200240e+02 9.985910921062226553e-01
3.316050191711046864e+02 1.001571505675274087e+00
3.316792964487707991e+02 9.972137043027176073e-01
3.317535586221183053e+02 9.992886910369958020e-01
3.318278056911472049e+02 1.000595634893008734e+00
3.319020376558574981e+02 1.001715103064052315e+00
3.319762545162491847e+02 1.001901944496490282e+00
3.320504562723222648e+02 1.000169793770450566e+00
3.321246429240767952e+02 1.003050788259026271e+00
3.321988144715126623e+02 9.961217951892775702e-01
3.322729709146299797e+02 9.919786124700333829e-01
3.323471122534286906e+02 9.987833118826302536e-01
3.324212384879087949e+02 9.965258811669067684e-01
3.324953496180702928e+02 9.998895188924717958e-01
3.325694456439131841e+02 1.004502739414393719e+00
3.326435265654374689e+02 1.000143365852520727e+00
3.327175923826432040e+02 1.002924311294065784e+00
3.327916430955302758e+02 9.978153761981396475e-01
3.328656787040987979e+02 9.959198254983749887e-01
3.329396992083487135e+02 9.983611970970163174e-01
3.330137046082799657e+02 9.963388842506845089e-01
3.330876949038927251e+02 9.959370349205658446e-01
3.331616700951867642e+02 1.003504711348828904e+00
3.332356301821623106e+02 1.000898668551279513e+00
3.333095751648191936e+02 9.977782280153670857e-01
3.333835050431575269e+02 9.967031271994201136e-01
3.334574198171771400e+02 1.001350639336342496e+00
3.335313194868783171e+02 1.000291485397265756e+00
3.336052040522607740e+02 9.997074365424434284e-01
3.336790735133247381e+02 9.999036695545273634e-01
3.337529278700700388e+02 1.001230051044301295e+00
3.338267671224967330e+02 9.999871550742668314e-01
3.339005912706048207e+02 9.970975663670270661e-01
3.339744003143943019e+02 9.995357263320172603e-01
3.340481942538652333e+02 9.975115877641989037e-01
3.341219730890175015e+02 9.966711447298590709e-01
3.341957368198512199e+02 9.986157001142200729e-01
3.342694854463663319e+02 9.985198391656947559e-01
3.343432189685627804e+02 9.977873370490604188e-01
3.344169373864406793e+02 1.000302694264444847e+00
3.344906406999999717e+02 1.002812973723102852e+00
3.345643289092407144e+02 1.002508557927254795e+00
3.346380020141627938e+02 1.000907124994569131e+00
3.347116600147663235e+02 9.972826862124992697e-01
3.347853029110511898e+02 9.970709739901070234e-01
3.348589307030175064e+02 9.982927955930738229e-01
3.349325433906652165e+02 9.977667696314856949e-01
3.350061409739942633e+02 9.987681068088263281e-01
3.350797234530048172e+02 1.001294203317933507e+00
3.351532908276967078e+02 9.990416549264741208e-01
3.352268430980699918e+02 9.984605747023311828e-01
3.353003802641246693e+02 1.000180201480830755e+00
3.353739023258607972e+02 9.982817891685142886e-01
3.354474092832782617e+02 1.002075874129398692e+00
3.355209011363771765e+02 9.966003458151510008e-01
3.355943778851574848e+02 9.990986316526796474e-01
3.356678395296191866e+02 9.990791677180952401e-01
3.357412860697622818e+02 1.002376042076776219e+00
3.358147175055867706e+02 1.000869919826275156e+00
3.358881338370926528e+02 9.976399306264271960e-01
3.359615350642800422e+02 1.001465600019493252e+00
3.360349211871486546e+02 9.965392432298116887e-01
3.361082922056988309e+02 1.003804058263342736e+00
3.361816481199302871e+02 9.972199642890170468e-01
3.362549889298432504e+02 9.904332172316026028e-01
3.363283146354374367e+02 1.002556444153240411e+00
3.364016252367132438e+02 9.988724114513281016e-01
3.364749207336702739e+02 1.000762608271636767e+00
3.365482011263088111e+02 1.001564301153877512e+00
3.366214664146286850e+02 9.967254215985393850e-01
3.366947165986300092e+02 9.998810688463563023e-01
3.367679516783127269e+02 9.959338878066105183e-01
3.368411716536768381e+02 9.998419809529043301e-01
3.369143765247222859e+02 1.004950711821625209e+00
3.369875662914491841e+02 9.959758986681083170e-01
3.370607409538575325e+02 9.955068031113784022e-01
3.371339005119472176e+02 1.002905258622047047e+00
3.372070449657182962e+02 9.990819737063543204e-01
3.372801743151708251e+02 9.981807742317923005e-01
3.373532885603046907e+02 1.002136834062192339e+00
3.374263877011200066e+02 1.001258251341299088e+00
3.374994717376167159e+02 9.976654380338544348e-01
3.375725406697948188e+02 1.002477162104066233e+00
3.376455944976543151e+02 9.980260043945303750e-01
3.377186332211952049e+02 9.979785428879993647e-01
3.377916568404174882e+02 1.000703605786360528e+00
3.378646653553212218e+02 9.995189692751159649e-01
3.379376587659062920e+02 9.919686476536661024e-01
3.380106370721728126e+02 9.945599290425906069e-01
3.380836002741206698e+02 9.987524101318173697e-01
3.381565483717499774e+02 1.001548021394114585e+00
3.382294813650606784e+02 1.002910595631047119e+00
3.383023992540527729e+02 9.995033911744799493e-01
3.383753020387262609e+02 1.001279667261871564e+00
3.384481897190811992e+02 9.996966311871903210e-01
3.385210622951174742e+02 9.979531338474907365e-01
3.385939197668351994e+02 1.000131653784458674e+00
3.386667621342342613e+02 9.944437594214615705e-01
3.387395893973147736e+02 9.936616054113674990e-01
3.388124015560766793e+02 1.001281328328863296e+00
3.388851986105199785e+02 9.973333353825862835e-01
3.389579805606447280e+02 9.981436013366800086e-01
3.390307474064507574e+02 1.001070920482043158e+00
3.391034991479383507e+02 1.005403191682986863e+00
3.391762357851071670e+02 9.995736304505398184e-01
3.392489573179575473e+02 1.001218067897300612e+00
3.393216637464891505e+02 1.000763729013005587e+00
3.393943550707023178e+02 9.959235697971926538e-01
3.394670312905967648e+02 9.989587571110426500e-01
3.395396924061727191e+02 9.995154146169328291e-01
3.396123384174299531e+02 9.960569393033740226e-01
3.396849693243686943e+02 1.004408957797076507e+00
3.397575851269888290e+02 9.993600713176377104e-01
3.398301858252903003e+02 9.998739972853748492e-01
3.399027714192732219e+02 1.002350324128068459e+00
3.399753419089375370e+02 1.001407552131114098e+00
3.400478972942831888e+02 9.946230968412200779e-01
3.401204375753102909e+02 9.981168008597879338e-01
3.401929627520187864e+02 1.000268456726210120e+00
3.402654728244086755e+02 9.968227004154367465e-01
3.403379677924800149e+02 1.006828855952956348e+00
3.404104476562326909e+02 1.001105291294042798e+00
3.404829124156668172e+02 9.974067715630764441e-01
3.405553620707822802e+02 9.985991455964571273e-01
3.406277966215791935e+02 9.987203192631219917e-01
3.407002160680575003e+02 9.962429988851267959e-01
3.407726204102172005e+02 1.000112284747064262e+00
3.408450096480582943e+02 1.000019283010866733e+00
3.409173837815807815e+02 9.981223263460087258e-01
3.409897428107847190e+02 1.006538053206235794e+00
3.410620867356699932e+02 1.002196836296605387e+00
3.411344155562366609e+02 9.989217109986938681e-01
3.412067292724847789e+02 1.000194580953006396e+00
3.412790278844142904e+02 1.000065972601628550e+00
3.413513113920251953e+02 9.987387367350265555e-01
3.414235797953174938e+02 9.986485636244374353e-01
3.414958330942911857e+02 9.986947825216014873e-01
3.415680712889462711e+02 1.002350830591593578e+00
3.416402943792827500e+02 9.986524172235262675e-01
3.417125023653006792e+02 1.000448781273598486e+00
3.417846952470000019e+02 9.984888754062241079e-01
3.418568730243806613e+02 9.993893301617133851e-01
3.419290356974428278e+02 9.954361215716281963e-01
3.420011832661862741e+02 9.976934526077158027e-01
3.420733157306112275e+02 9.995670249567842891e-01
3.421454330907174608e+02 1.001005766812180342e+00
3.422175353465052012e+02 1.003173292987851184e+00
3.422896224979742783e+02 9.971107819358612234e-01
3.423616945451248057e+02 1.004695188491949276e+00
3.424337514879566697e+02 9.994611359017546715e-01
3.425057933264700409e+02 9.971534078614741059e-01
3.425778200606646351e+02 9.997860823171402789e-01
3.426498316905407933e+02 9.978876184252110093e-01
3.427218282160982881e+02 9.990397919647192593e-01
3.427938096373372332e+02 1.000385524063637677e+00
3.428657759542575150e+02 9.968221506553147648e-01
3.429377271668591902e+02 1.000391297990175676e+00
3.430096632751423158e+02 1.002594448707904151e+00
3.430815842791068349e+02 9.984070548617384189e-01
3.431534901787526906e+02 1.002346780715563268e+00
3.432253809740799966e+02 9.976390018267696780e-01
3.432972566650886961e+02 9.991375231921438838e-01
3.433691172517787891e+02 1.000496348288550275e+00
3.434409627341502755e+02 9.993696326057943669e-01
3.435127931122032123e+02 9.991780512055604691e-01
3.435846083859374858e+02 9.989704675051913618e-01
3.436564085553532095e+02 1.000839813747649965e+00
3.437281936204502699e+02 9.995224840429131064e-01
3.437999635812287806e+02 9.999576897867751279e-01
3.438717184376886848e+02 9.994430417669379896e-01
3.439434581898299825e+02 1.002221011510469273e+00
3.440151828376526737e+02 1.004437488198832273e+00
3.440868923811568152e+02 9.997172814934534024e-01
3.441585868203422933e+02 1.001866641272890490e+00
3.442302661552091649e+02 9.959603844464115507e-01
3.443019303857574869e+02 9.978205910338182605e-01
3.443735795119872023e+02 9.980781656376576105e-01
3.444452135338982544e+02 9.982229073218036319e-01
3.445168324514907567e+02 9.995388803099491959e-01
3.445884362647646526e+02 1.000927539538299049e+00
3.446600249737199988e+02 9.991968741468028048e-01
3.447315985783566816e+02 9.992110878483557723e-01
3.448031570786747579e+02 1.004801060025211967e+00
3.448747004746743414e+02 9.973268148283828127e-01
3.449462287663551479e+02 1.000684652859831214e+00
3.450177419537175183e+02 9.952034415401245226e-01
3.450892400367611685e+02 1.001169774385557876e+00
3.451607230154863259e+02 9.997253182380253511e-01
3.452321908898927632e+02 1.000412644844083765e+00
3.453036436599807075e+02 1.001657393867139367e+00
3.453750813257499885e+02 9.997100094399533621e-01
3.454465038872007199e+02 9.992730655076578206e-01
3.455179113443327878e+02 9.950722950907834319e-01
3.455893036971463061e+02 1.001027514173222555e+00
3.456606809456412179e+02 9.991296235206854615e-01
3.457320430898175232e+02 1.002963700810545422e+00
3.458033901296752219e+02 9.978497511457400382e-01
3.458747220652143142e+02 9.970499382554487422e-01
3.459460388964347999e+02 1.001797109345441195e+00
3.460173406233367359e+02 9.977050729989526134e-01
3.460886272459200086e+02 1.002458980779805664e+00
3.461598987641847316e+02 1.005975922593997263e+00
3.462311551781307912e+02 1.001253443321699521e+00
3.463023964877583012e+02 9.973195279277612402e-01
3.463736226930672046e+02 1.000394108069138532e+00
3.464448337940575016e+02 9.962820085301326012e-01
3.465160297907291920e+02 9.996385775172039745e-01
3.465872106830822759e+02 9.961189042846575470e-01
3.466583764711168101e+02 1.002711485053011442e+00
3.467295271548326809e+02 1.003065701528383258e+00
3.468006627342300021e+02 1.003259399550350706e+00
3.468717832093087168e+02 1.003114477926150938e+00
3.469428885800687681e+02 9.989137952228214212e-01
3.470139788465102697e+02 9.956972739199176914e-01
3.470850540086331648e+02 1.000023113586739676e+00
3.471561140664375102e+02 1.001303907194218912e+00
3.472271590199231923e+02 1.000845071906238282e+00
3.472981888690902679e+02 9.998052214241928137e-01
3.473692036139387938e+02 1.000931785414995501e+00
3.474402032544686563e+02 9.977689336738370107e-01
3.475111877906799691e+02 9.977776867535560479e-01
3.475821572225726754e+02 1.002804913941145903e+00
3.476531115501467752e+02 9.987097711451566884e-01
3.477240507734022685e+02 9.961303075099721127e-01
3.477949748923392121e+02 1.002205269467081772e+00
3.478658839069574924e+02 9.987274291621692779e-01
3.479367778172572230e+02 9.998736597515274216e-01
3.480076566232382902e+02 9.991905971831404054e-01
3.480785203249008077e+02 1.002756605255046063e+00
3.481493689222446619e+02 9.994171907442004343e-01
3.482202024152700233e+02 9.976286987605186285e-01
3.482910208039766644e+02 1.000646148412824177e+00
3.483618240883648127e+02 9.971264024229840039e-01
3.484326122684342977e+02 9.989331079093990429e-01
3.485033853441852330e+02 9.979820557342468090e-01
3.485741433156175049e+02 1.002033171454284499e+00
3.486448861827312271e+02 9.995312179650197582e-01
3.487156139455262860e+02 1.002111666557354397e+00
3.487863266040027952e+02 1.001582040115822414e+00
3.488570241581606979e+02 9.984951140575416551e-01
3.489277066079999940e+02 1.000073683032765448e+00
3.489983739535206837e+02 9.972990462340848294e-01
3.490690261947228237e+02 9.980078573152455501e-01
3.491396633316063003e+02 9.980668897850872856e-01
3.492102853641712272e+02 1.001472746418482274e+00
3.492808922924174908e+02 9.993870863746360245e-01
3.493514841163452047e+02 9.985378580384843827e-01
3.494220608359543121e+02 9.996592717935660621e-01
3.494926224512448130e+02 9.982912591853485562e-01
3.495631689622167073e+02 9.964700463449396306e-01
3.496337003688699951e+02 9.976433423933017686e-01
3.497042166712046765e+02 1.000468669882695449e+00
3.497747178692208081e+02 9.996016716198077301e-01
3.498452039629182764e+02 1.004584465086499234e+00
3.499156749522971950e+02 1.002451005281322249e+00
3.499861308373575071e+02 9.966122122272492723e-01
3.500565716180992126e+02 1.000490942166766484e+00
3.501269972945223117e+02 1.002689776470231831e+00
3.501974078666268042e+02 1.002728464680449960e+00
3.502678033344126902e+02 1.000085694374216905e+00
3.503381836978799697e+02 9.963976573780680690e-01
3.504085489570286995e+02 1.001020047342381147e+00
3.504788991118587660e+02 1.001078505339714653e+00
3.505492341623702828e+02 9.999643916517743092e-01
3.506195541085631930e+02 1.003867708656090985e+00
3.506898589504375536e+02 1.007003944756532432e+00
3.507601486879931940e+02 9.980168170000396355e-01
3.508304233212303416e+02 9.950523643310666966e-01
3.509006828501487689e+02 9.964640185549241691e-01
3.509709272747487034e+02 9.981802199862601643e-01
3.510411565950299746e+02 1.000522701758930211e+00
3.511113708109926961e+02 9.972358158204601697e-01
3.511815699226367542e+02 1.001068440583741337e+00
3.512517539299623195e+02 9.988973654448195516e-01
3.513219228329692214e+02 1.001300998223212391e+00
3.513920766316575168e+02 9.996725653918189236e-01
3.514622153260272057e+02 1.003579517309374003e+00
3.515323389160782881e+02 1.002245047544809475e+00
3.516024474018108208e+02 9.985728601845541563e-01
3.516725407832246901e+02 1.003056689740787988e+00
3.517426190603200098e+02 1.001201428934726634e+00
3.518126822330967229e+02 9.947609317519552352e-01
3.518827303015548296e+02 9.994982993880171529e-01
3.519527632656943297e+02 1.001195784927306098e+00
3.520227811255152233e+02 9.956112699362332785e-01
3.520927838810175103e+02 1.000985508860769535e+00
3.521627715322011909e+02 9.984028180534538777e-01
3.522327440790663218e+02 1.005907114658459056e+00
3.523027015216127893e+02 9.999886209555723937e-01
3.523726438598407071e+02 1.000891143468713995e+00
3.524425710937500185e+02 1.003078247093850628e+00
3.525124832233406664e+02 9.988975249487782593e-01
3.525823802486128216e+02 9.991053081101352040e-01
3.526522621695663133e+02 9.975126990316848241e-01
3.527221289862011986e+02 9.960202652842491400e-01
3.527919806985174773e+02 1.003207469603700996e+00
3.528618173065152064e+02 1.000225999184358061e+00
3.529316388101942721e+02 1.001233452442109595e+00
3.530014452095547881e+02 1.002807100943272189e+00
3.530712365045966976e+02 9.964004514198053775e-01
3.531410126953200006e+02 9.983970038497067545e-01
3.532107737817246971e+02 1.000261786000353981e+00
3.532805197638107870e+02 1.001034637133994654e+00
3.533502506415782705e+02 9.982223698878056606e-01
3.534199664150271474e+02 9.995644330025925672e-01
3.534896670841574746e+02 9.988318370464519536e-01
3.535593526489692522e+02 1.000360976556238457e+00
3.536290231094622527e+02 9.999584702454927809e-01
3.536986784656368172e+02 9.971306491137901240e-01
3.537683187174926616e+02 1.001139765521813940e+00
3.538379438650300131e+02 1.006493783262920827e+00
3.539075539082486443e+02 1.001542336647581521e+00
3.539771488471488396e+02 1.003455601656300544e+00
3.540467286817302579e+02 9.992762304130887729e-01
3.541162934119932402e+02 9.981846215843187542e-01
3.541858430379375022e+02 1.000499368312364412e+00
3.542553775595632146e+02 9.978252885414120588e-01
3.543248969768703205e+02 9.985729299109585844e-01
3.543944012898588198e+02 1.003446890804903679e+00
3.544638904985287127e+02 1.003349008795712427e+00
3.545333646028799990e+02 9.978279073896838547e-01
3.546028236029127356e+02 1.001938522662003450e+00
3.546722674986268089e+02 9.987309707228965161e-01
3.547416962900223325e+02 9.975869922420097513e-01
3.548111099770991927e+02 9.992819444792980788e-01
3.548805085598575033e+02 9.994546109218032104e-01
3.549498920382972074e+02 9.970377600380383454e-01
3.550192604124183049e+02 1.000458623075092701e+00
3.550886136822207959e+02 1.003126615046391557e+00
3.551579518477046804e+02 9.984044053458672741e-01
3.552272749088700152e+02 1.002502583126116731e+00
3.552965828657166867e+02 1.003445918489765276e+00
3.553658757182448085e+02 1.001253317829889689e+00
3.554351534664542669e+02 9.991149746921720309e-01
3.555044161103451756e+02 9.981215148709602358e-01
3.555736636499174779e+02 9.997543836429559905e-01
3.556428960851711736e+02 1.000114874190684899e+00
3.557121134161062628e+02 1.001403830443265974e+00
3.557813156427228023e+02 9.988604618808838431e-01
3.558505027650206785e+02 1.000652100402229960e+00
3.559196747830000049e+02 1.000476473061975069e+00
3.559888316966606681e+02 1.001675090009122027e+00
3.560579735060027815e+02 1.002365780915482008e+00
3.561271002110262884e+02 1.002069513805469825e+00
3.561962118117311888e+02 9.972823716120432502e-01
3.562653083081174827e+02 9.972012441424379370e-01
3.563343897001851701e+02 9.998147208474628123e-01
3.564034559879343078e+02 1.002175121626872167e+00
3.564725071713647822e+02 9.995446613002549885e-01
3.565415432504767068e+02 1.003653379715739202e+00
3.566105642252699681e+02 9.990994563218063007e-01
3.566795700957447366e+02 9.968103521367008835e-01
3.567485608619007849e+02 1.001026372375854345e+00
3.568175365237383403e+02 9.954100352095167636e-01
3.568864970812571755e+02 1.000818407935754495e+00
3.569554425344575179e+02 1.002979823962103723e+00
3.570243728833391970e+02 1.004543387123956633e+00
3.570932881279023263e+02 9.991577888649948447e-01
3.571621882681467923e+02 9.972154036462939075e-01
3.572310733040727087e+02 9.987125257155381464e-01
3.572999432356800185e+02 1.002321780926574091e+00
3.573687980629687218e+02 9.960276044250980787e-01
3.574376377859388185e+02 1.001130976103402404e+00
3.575064624045903088e+02 1.003345194881435365e+00
3.575752719189231925e+02 1.003055949488377507e+00
3.576440663289375266e+02 1.001353863853410298e+00
3.577128456346331973e+02 1.000841331489880304e+00
3.577816098360103183e+02 9.981715468686507275e-01
3.578503589330687760e+02 9.971085788341808032e-01
3.579190929258086840e+02 1.000234383496569679e+00
3.579878118142299854e+02 1.003316424853020639e+00
3.580565155983326804e+02 9.999280141892656903e-01
3.581252042781167688e+02 9.959610197822739153e-01
3.581938778535823076e+02 1.000215561099094597e+00
3.582625363247291830e+02 1.001777057042959607e+00
3.583311796915575087e+02 9.996944555840834301e-01
3.583998079540671711e+02 1.001032357402397155e+00
3.584684211122582838e+02 1.002109858068137349e+00
3.585370191661307899e+02 1.003051176734702565e+00
3.586056021156846896e+02 9.985044805808851454e-01
3.586741699609199827e+02 1.000467998578362661e+00
3.587427227018366693e+02 1.000574142731436078e+00
3.588112603384348063e+02 9.976629532283152191e-01
3.588797828707142799e+02 9.983173319680279656e-01
3.589482902986752038e+02 1.001195099620964202e+00
3.590167826223174643e+02 9.951306229948576609e-01
3.590852598416411752e+02 1.005470449912575726e+00
3.591537219566462795e+02 9.958595601251851726e-01
3.592221689673328342e+02 9.996664033652746806e-01
3.592906008737006687e+02 1.003988708108284333e+00
3.593590176757500103e+02 1.001345731579404763e+00
3.594274193734806886e+02 9.983929558719085717e-01
3.594958059668928172e+02 1.000917230529345892e+00
3.595641774559862824e+02 1.001225747458324378e+00
3.596325338407611980e+02 9.943506296418390678e-01
3.597008751212174502e+02 1.005369085615810620e+00
3.597692012973552096e+02 1.001624437164235548e+00
3.598375123691743056e+02 1.002909012039745251e+00
3.599058083366747951e+02 1.000648239986646537e+00
3.599740891998567349e+02 9.981419257197825523e-01
3.600423549587200114e+02 9.997110979109953277e-01
3.601106056132647382e+02 1.000961835661755117e+00
3.601788411634908016e+02 1.001326906284519813e+00
3.602470616093983153e+02 9.968512905809456814e-01
3.603152669509872226e+02 9.987410961410541077e-01
3.603834571882575233e+02 9.962671495005310796e-01
3.604516323212092175e+02 1.001478629579120705e+00
3.605197923498423052e+02 1.002336573227822214e+00
3.605879372741567863e+02 9.979208396069482179e-01
3.606560670941527178e+02 1.003834344013603941e+00
3.607241818098299859e+02 9.969663019385667235e-01
3.607922814211887044e+02 1.000503386479425050e+00
3.608603659282288163e+02 9.991178470913001375e-01
3.609284353309503217e+02 1.001014059094901265e+00
3.609964896293532206e+02 1.001037374496711152e+00
3.610645288234375130e+02 1.001097593803204289e+00
3.611325529132031988e+02 1.005217365893129822e+00
3.612005618986502782e+02 9.981162117027907454e-01
3.612685557797788078e+02 9.947400593544586389e-01
3.613365345565886741e+02 1.000689318230649105e+00
3.614044982290799908e+02 1.001292327548258587e+00
3.614724467972527009e+02 1.004105731570743787e+00
3.615403802611068045e+02 1.003774419460839784e+00
3.616082986206423016e+02 9.980249423010439935e-01
3.616762018758591921e+02 9.981884286569073783e-01
3.617440900267574762e+02 9.995613080547887108e-01
3.618119630733371537e+02 9.992781010584930179e-01
3.618798210155982815e+02 1.000905491796575841e+00
3.619476638535408028e+02 1.000313576364447288e+00
3.620154915871647177e+02 1.002178083558524335e+00
3.620833042164699691e+02 9.971425518217618134e-01
3.621511017414567277e+02 1.003395713795028454e+00
3.622188841621247661e+02 9.997260444083801989e-01
3.622866514784743117e+02 1.001019166186191578e+00
3.623544036905051939e+02 9.977354532578576185e-01
3.624221407982175265e+02 9.996613452915367182e-01
3.624898628016111388e+02 9.999957268242757324e-01
3.625575697006863152e+02 9.990152641629479469e-01
3.626252614954428282e+02 9.974499157911678182e-01
3.626929381858807346e+02 1.000144621252408994e+00
3.627605997720000346e+02 1.002951728946074095e+00
3.628282462538007280e+02 1.003796838991898976e+00
3.628958776312828149e+02 1.001874557172093949e+00
3.629634939044462953e+02 1.001974592251169804e+00
3.630310950732912261e+02 9.938781095074471494e-01
3.630986811378174934e+02 9.979000515496895263e-01
3.631662520980252111e+02 1.000421986868220259e+00
3.632338079539143223e+02 1.000544476056752785e+00
3.633013487054848270e+02 9.976954306446472742e-01
3.633688743527367251e+02 1.001391844208173065e+00
3.634363848956700167e+02 9.956451597379616381e-01
3.635038803342847018e+02 1.005451783953770439e+00
3.635713606685807804e+02 1.000112692556508920e+00
3.636388258985583093e+02 9.994007336962549282e-01
3.637062760242171748e+02 9.982072356106097555e-01
3.637737110455574907e+02 1.002182786329579134e+00
3.638411309625792001e+02 1.004388251859665626e+00
3.639085357752823029e+02 1.000197526848912055e+00
3.639759254836667992e+02 9.968873640743992626e-01
3.640433000877326890e+02 9.985411285526207825e-01
3.641106595874799723e+02 1.000409651519399201e+00
3.641780039829087059e+02 1.003678506817157201e+00
3.642453332740187761e+02 1.000874140829967951e+00
3.643126474608102967e+02 1.002951597101815917e+00
3.643799465432831539e+02 9.956738224601158205e-01
3.644472305214374614e+02 9.996510600951936665e-01
3.645144993952731625e+02 9.931251769476129310e-01
3.645817531647902570e+02 1.001156893829820316e+00
3.646489918299888018e+02 1.000894098960433132e+00
3.647162153908686832e+02 1.002711565481671618e+00
3.647834238474300150e+02 9.992828195219172205e-01
3.648506171996726835e+02 9.994486514531375487e-01
3.649177954475968022e+02 9.988542305275863731e-01
3.649849585912022576e+02 9.999433663631630553e-01
3.650521066304892202e+02 1.004632517870385211e+00
3.651192395654574625e+02 1.001096182508936616e+00
3.651863573961072120e+02 1.002178213805707374e+00
3.652534601224382413e+02 1.000997342110237609e+00
3.653205477444508347e+02 9.962833694450304867e-01
3.653876202621447078e+02 9.967352068061551273e-01
3.654546776755200312e+02 1.003234061559886259e+00
3.655217199845766913e+02 9.987925333228333535e-01
3.655887471893148017e+02 9.999392668507927073e-01
3.656557592897342488e+02 9.966368849970630439e-01
3.657227562858352030e+02 1.002211069401020893e+00
3.657897381776174939e+02 1.001776289264485698e+00
3.658567049650812351e+02 1.003008643048965087e+00
3.659236566482263129e+02 9.965038213805037515e-01
3.659905932270527842e+02 9.926494755673205272e-01
3.660575147015607058e+02 9.955039802201237631e-01
3.661244210717500209e+02 1.004013511977316586e+00
3.661913123376207295e+02 1.002733702422537565e+00
3.662581884991727748e+02 1.003466110358623542e+00
3.663250495564062703e+02 1.002003303250794231e+00
3.663918955093212162e+02 1.001289700136738903e+00
3.664587263579174987e+02 1.004301592838548807e+00
3.665255421021951747e+02 1.004952409969491978e+00
3.665923427421543010e+02 1.004101529217179323e+00
3.666591282777948209e+02 1.003888175045875686e+00
3.667258987091166773e+02 1.001233958696668980e+00
3.667926540361199841e+02 9.963081031560842016e-01
3.668593942588046843e+02 1.002662145447892561e+00
3.669261193771707781e+02 9.930154863168004775e-01
3.669928293912182653e+02 9.959242786997155594e-01
3.670595243009472028e+02 9.992759808291069579e-01
3.671262041063575339e+02 9.980061427090273218e-01
3.671928688074492015e+02 9.933394622124621653e-01
3.672595184042223195e+02 9.986251218539282659e-01
3.673261528966767742e+02 1.001484008462006248e+00
3.673927722848127360e+02 9.999926501353681996e-01
3.674593765686299776e+02 1.000660402986003561e+00
3.675259657481287263e+02 9.970214322888627523e-01
3.675925398233087549e+02 9.988573804834257608e-01
3.676590987941703474e+02 1.000977949829644276e+00
3.677256426607131630e+02 9.977155294701661736e-01
3.677921714229375425e+02 9.985992712969147256e-01
3.678586850808431450e+02 9.968314200278193260e-01
3.679251836344303115e+02 9.999611105331180916e-01
3.679916670836987578e+02 1.000681486789906094e+00
3.680581354286487112e+02 1.000379977138136534e+00
3.681245886692799445e+02 9.971841994915827678e-01
3.681910268055927418e+02 1.004698280097829910e+00
3.682574498375867620e+02 1.007243093587866012e+00
3.683238577652622894e+02 1.004959103765387551e+00
3.683902505886191534e+02 1.004118854063632105e+00
3.684566283076575246e+02 1.000583516964285158e+00
3.685229909223772324e+02 1.003800753301215432e+00
3.685893384327783338e+02 9.962920709498016558e-01
3.686556708388608286e+02 9.975105478110716239e-01
3.687219881406247168e+02 1.001743449854160195e+00
3.687882903380699986e+02 9.930448011024957111e-01
3.688545774311967307e+02 9.950680967118070708e-01
3.689208494200047994e+02 9.924085478357187462e-01
3.689871063044943185e+02 9.983329360319838086e-01
3.690533480846651742e+02 9.932651709790981664e-01
3.691195747605174802e+02 1.003234490593801542e+00
3.691857863320511797e+02 1.001681938594502608e+00
3.692519827992662727e+02 9.982189032969953635e-01
3.693181641621628160e+02 9.995290538034669048e-01
3.693843304207406959e+02 9.980877243698926815e-01
3.694504815749999693e+02 1.001812023514150995e+00
3.695166176249406931e+02 9.980788179893688161e-01
3.695827385705628103e+02 1.000272766122720425e+00
3.696488444118662642e+02 1.000298301952887048e+00
3.697149351488511684e+02 1.001707585992642091e+00
3.697810107815174661e+02 9.959528638689241209e-01
3.698470713098652141e+02 9.937725048673690109e-01
3.699131167338942987e+02 9.993876927148280798e-01
