2.980237410617087903e+02 0.000000000000000000e+00
2.981045585093286832e+02 -9.588693211514905980e-05
2.981853608526300263e+02 -8.648238528054722873e-05
2.982661480916126493e+02 -1.576300289964681161e-04
2.983469202262768363e+02 -9.919648684706999960e-05
2.984276772566222462e+02 -8.982153375803891306e-05
2.985084191826492201e+02 -3.907369122304912536e-05
2.985891460043574739e+02 -5.128467349203986688e-05
2.986698577217472348e+02 -6.316736238377518233e-05
2.987505543348183323e+02 -1.531951902780329805e-04
2.988312358435708234e+02 -7.485544917600917296e-05
2.989119022480047079e+02 -6.420958517651601644e-05
2.989925535481199859e+02 -6.666990891068053299e-05
2.990731897439167142e+02 -5.607835885756010997e-05
2.991538108353948360e+02 5.248531584730686226e-06
2.992344168225542944e+02 -5.424490276011266759e-05
2.993150077053952032e+02 -1.613587630706332131e-05
2.993955834839175054e+02 5.629008247801878397e-05
2.994761441581212011e+02 4.765694239993257858e-05
2.995566897280062904e+02 1.066455513557747496e-04
2.996372201935727730e+02 2.208412740808953986e-04
2.997177355548207061e+02 2.921079893735267904e-04
2.997982358117499757e+02 2.986321526225596198e-04
2.998787209643606957e+02 3.658775481879379893e-04
2.999591910126528091e+02 4.355365282564398785e-04
3.000396459566263161e+02 5.850120224446185265e-04
3.001200857962812165e+02 7.965319781668396895e-04
3.002005105316175104e+02 1.279586792627498667e-03
3.002809201626351978e+02 3.129704428918156714e-03
3.003613146893342787e+02 8.818252880968175528e-03
3.004416941117148099e+02 2.236394253009684613e-02
3.005220584297766777e+02 4.520232185237232914e-02
3.006024076435199959e+02 7.413800603035132497e-02
3.006827417529447075e+02 1.000748442899753038e-01
3.007630607580507558e+02 1.194618579424704397e-01
3.008433646588382544e+02 1.270790313913088831e-01
3.009236534553072033e+02 1.224930470224398493e-01
3.010039271474574889e+02 1.111507596516418256e-01
3.010841857352891680e+02 9.021217326388299151e-02
3.011644292188022973e+02 6.603075333251719192e-02
3.012446575979967633e+02 4.373752419179417067e-02
3.013248708728726797e+02 2.864371769313754992e-02
3.014050690434299895e+02 1.799090473459934170e-02
3.014852521096687497e+02 1.138387857319994763e-02
3.015654200715887896e+02 7.321530480389813571e-03
3.016455729291903367e+02 4.980073727333809291e-03
3.017257106824731636e+02 3.039700244821471470e-03
3.018058333314374977e+02 1.693453965566641111e-03
3.018859408760831684e+02 8.975670023676719702e-04
3.019660333164102894e+02 4.215897996856683705e-04
3.020461106524188040e+02 1.777912000407364228e-04
3.021261728841087120e+02 -6.738206163457260804e-05
3.022062200114800135e+02 -1.661981573367842229e-04
3.022862520345327084e+02 -2.645662968989006343e-04
3.023662689532667969e+02 -3.599698706414587984e-04
3.024462707676823356e+02 -4.215060324563084599e-04
3.025262574777792111e+02 -4.681411021815048371e-04
3.026062290835574800e+02 -4.662171870965841551e-04
3.026861855850171992e+02 -6.052400295362264909e-04
3.027661269821583119e+02 -5.954533849281705210e-04
3.028460532749808181e+02 -6.037054665229304833e-04
3.029259644634847177e+02 -6.171455033773459243e-04
3.030058605476700109e+02 -5.802106241302763812e-04
3.030857415275366975e+02 -6.129633733776671152e-04
3.031656074030847776e+02 -6.587722081858027583e-04
3.032454581743143081e+02 -6.457630566364071971e-04
3.033252938412251751e+02 -7.057937620569272423e-04
3.034051144038174925e+02 -6.438449209788961979e-04
3.034849198620912034e+02 -7.294129010644202641e-04
3.035647102160463078e+02 -7.168623010967039612e-04
3.036444854656828056e+02 -7.689874656980447446e-04
3.037242456110006970e+02 -7.157453805322154918e-04
3.038039906519999818e+02 -7.855059769646941838e-04
3.038837205886806601e+02 -7.304635426006078798e-04
3.039634354210427887e+02 -8.346106519633140174e-04
