2.993232630968307717e+02 0.000000000000000000e+00
2.994116607476800027e+02 1.034636571556685680e-04
2.995000423471027489e+02 1.141505596349738161e-04
2.995884078950991807e+02 4.071457930518448758e-05
2.996767573916691276e+02 1.191699618094117476e-04
2.997650908368127602e+02 1.833173909291392460e-04
2.998534082305299648e+02 1.477050768786084694e-04
2.999417095728207983e+02 1.227247228542192978e-04
3.000299948636852037e+02 1.333965480441676730e-04
3.001182641031231810e+02 1.077617510033399744e-04
3.002065172911347872e+02 1.769496925371018053e-04
3.002947544277199654e+02 2.154151729976016736e-04
3.003829755128787724e+02 2.261211204359234942e-04
3.004711805466111514e+02 1.526935651474810014e-04
3.005593695289172160e+02 2.090313131749377902e-04
3.006475424597967390e+02 3.750841498434278427e-04
3.007356993392500044e+02 4.050464870465316294e-04
3.008238401672767282e+02 5.062029411912722472e-04
3.009119649438771944e+02 5.432630765856118682e-04
3.010000736690511758e+02 6.507818166091076072e-04
3.010881663427987860e+02 1.140263147568669607e-03
3.011762429651199682e+02 2.058854409912706362e-03
3.012643035360147792e+02 3.771008045475780432e-03
3.013523480554832190e+02 7.455141377912990162e-03
3.014403765235251740e+02 1.608645162162536044e-02
3.015283889401408146e+02 4.033334180774807848e-02
3.016163853053299704e+02 8.434668978509307635e-02
3.017043656190928118e+02 1.123678351208866333e-01
3.017923298814291684e+02 1.322225305200104006e-01
3.018802780923392106e+02 1.386412424926984632e-01
3.019682102518227680e+02 1.361147165209414533e-01
3.020561263598800110e+02 1.186115043337158392e-01
3.021440264165107692e+02 7.706234968111902450e-02
3.022319104217151562e+02 4.868157112714231044e-02
3.023197783754931720e+02 2.792977197852478805e-02
3.024076302778447598e+02 1.533507100722392331e-02
3.024954661287699196e+02 1.025806244714248631e-02
3.025832859282687650e+02 7.227874748325571232e-03
3.026710896763411824e+02 5.065605647133626134e-03
3.027588773729871718e+02 2.937547649732165627e-03
3.028466490182067901e+02 1.588516310642652113e-03
3.029344046119999803e+02 1.046401858378707712e-03
3.030221441543667993e+02 7.625444586824920356e-04
3.031098676453071334e+02 6.500747654234981807e-04
3.031975750848212101e+02 6.230100002877898792e-04
3.032852664729087451e+02 5.147619220891762543e-04
3.033729418095699657e+02 3.473227944462542851e-04
3.034606010948047583e+02 3.273478491054009759e-04
3.035482443286131797e+02 3.458887988329235083e-04
3.036358715109951731e+02 3.159441163193308722e-04
3.037234826419507954e+02 2.817498586467693839e-04
3.038110777214799327e+02 2.254126640520839669e-04
3.038986567495827558e+02 1.569729273993695259e-04
3.039862197262592076e+02 1.911990597314279982e-04
3.040737666515091746e+02 1.705083166310182130e-04
3.041612975253327704e+02 1.099075467418586722e-04
3.042488123477299382e+02 1.056195075784336767e-04
3.043363111187007917e+02 5.639019189378297547e-05
