3.050400000000000205e+02 inf
3.050899999999999750e+02 inf
3.051399999999999864e+02 inf
3.051800000000000068e+02 inf
3.052300000000000182e+02 inf
3.052799999999999727e+02 inf
3.053199999999999932e+02 inf
3.053700000000000045e+02 inf
3.054200000000000159e+02 inf
3.054599999999999795e+02 inf
3.055099999999999909e+02 inf
3.055600000000000023e+02 inf
3.056000000000000227e+02 inf
3.056499999999999773e+02 inf
3.056999999999999886e+02 inf
3.057400000000000091e+02 inf
3.057900000000000205e+02 inf
3.058399999999999750e+02 inf
3.058799999999999955e+02 inf
3.059300000000000068e+02 inf
3.059800000000000182e+02 inf
3.060199999999999818e+02 inf
3.060699999999999932e+02 inf
3.061200000000000045e+02 inf
3.061600000000000250e+02 inf
3.062099999999999795e+02 inf
3.062500000000000000e+02 inf
3.063000000000000114e+02 inf
3.063500000000000227e+02 inf
3.063899999999999864e+02 inf
3.064399999999999977e+02 inf
3.064900000000000091e+02 inf
3.065299999999999727e+02 inf
3.065799999999999841e+02 inf
3.066299999999999955e+02 inf
3.066700000000000159e+02 inf
3.067200000000000273e+02 inf
3.067699999999999818e+02 inf
3.068100000000000023e+02 inf
3.068600000000000136e+02 inf
3.069100000000000250e+02 inf
3.069499999999999886e+02 inf
3.070000000000000000e+02 inf
3.070400000000000205e+02 inf
3.070899999999999750e+02 inf
3.071399999999999864e+02 inf
3.071800000000000068e+02 inf
3.072300000000000182e+02 inf
3.072799999999999727e+02 inf
3.073199999999999932e+02 inf
3.073700000000000045e+02 inf
3.074100000000000250e+02 inf
3.074599999999999795e+02 inf
3.075099999999999909e+02 inf
3.075500000000000114e+02 inf
3.076000000000000227e+02 inf
3.076499999999999773e+02 inf
3.076899999999999977e+02 inf
3.077400000000000091e+02 inf
3.077799999999999727e+02 inf
3.078299999999999841e+02 inf
3.078799999999999955e+02 inf
3.079200000000000159e+02 inf
3.079700000000000273e+02 inf
3.080199999999999818e+02 inf
3.080600000000000023e+02 inf
3.081100000000000136e+02 inf
3.081499999999999773e+02 inf
3.081999999999999886e+02 inf
3.082500000000000000e+02 inf
3.082900000000000205e+02 inf
3.083399999999999750e+02 inf
3.083799999999999955e+02 inf
3.084300000000000068e+02 inf
3.084800000000000182e+02 inf
3.085199999999999818e+02 inf
3.085699999999999932e+02 inf
3.086100000000000136e+02 inf
3.086600000000000250e+02 inf
3.087099999999999795e+02 inf
3.087500000000000000e+02 inf
3.088000000000000114e+02 inf
3.088399999999999750e+02 inf
3.088899999999999864e+02 inf
3.089399999999999977e+02 inf
3.089800000000000182e+02 inf
3.090299999999999727e+02 inf
3.090699999999999932e+02 inf
3.091200000000000045e+02 inf
3.091600000000000250e+02 inf
3.092099999999999795e+02 inf
3.092599999999999909e+02 inf
3.093000000000000114e+02 inf
3.093500000000000227e+02 inf
3.093899999999999864e+02 inf
3.094399999999999977e+02 inf
3.094900000000000091e+02 inf
3.095299999999999727e+02 inf
3.095799999999999841e+02 inf
3.096200000000000045e+02 inf
3.096700000000000159e+02 inf
3.097099999999999795e+02 inf
3.097599999999999909e+02 inf
3.098100000000000023e+02 inf
3.098500000000000227e+02 inf
3.098999999999999773e+02 inf
3.099399999999999977e+02 inf
3.099900000000000091e+02 inf
3.100299999999999727e+02 inf
3.100799999999999841e+02 inf
3.101200000000000045e+02 inf
3.101700000000000159e+02 inf
3.102200000000000273e+02 inf
3.102599999999999909e+02 inf
3.103100000000000023e+02 inf
3.103500000000000227e+02 inf
3.103999999999999773e+02 inf
3.104399999999999977e+02 inf
3.104900000000000091e+02 inf
3.105299999999999727e+02 inf
3.105799999999999841e+02 inf
3.106299999999999955e+02 inf
3.106700000000000159e+02 inf
3.107200000000000273e+02 inf
3.107599999999999909e+02 inf
3.108100000000000023e+02 inf
3.108500000000000227e+02 inf
3.108999999999999773e+02 inf
3.109399999999999977e+02 inf
3.109900000000000091e+02 inf
3.110299999999999727e+02 inf
3.110799999999999841e+02 inf
3.111299999999999955e+02 inf
3.111700000000000159e+02 inf
3.112200000000000273e+02 inf
3.112599999999999909e+02 inf
3.113100000000000023e+02 inf
3.113500000000000227e+02 inf
3.113999999999999773e+02 inf
3.114399999999999977e+02 inf
3.114900000000000091e+02 inf
3.115299999999999727e+02 inf
3.115799999999999841e+02 inf
3.116200000000000045e+02 inf
3.116700000000000159e+02 inf
3.117099999999999795e+02 inf
3.117599999999999909e+02 inf
3.118100000000000023e+02 inf
3.118500000000000227e+02 inf
3.118999999999999773e+02 inf
3.119399999999999977e+02 inf
3.119900000000000091e+02 inf
3.120299999999999727e+02 inf
3.120799999999999841e+02 inf
3.121200000000000045e+02 inf
3.121700000000000159e+02 inf
3.122099999999999795e+02 inf
3.122599999999999909e+02 inf
3.123000000000000114e+02 inf
3.123500000000000227e+02 inf
3.123899999999999864e+02 inf
3.124399999999999977e+02 inf
3.124800000000000182e+02 inf
3.125299999999999727e+02 inf
3.125699999999999932e+02 inf
3.126200000000000045e+02 inf
3.126600000000000250e+02 inf
3.127099999999999795e+02 inf
3.127500000000000000e+02 inf
3.128000000000000114e+02 inf
3.128399999999999750e+02 inf
3.128899999999999864e+02 inf
3.129300000000000068e+02 inf
3.129800000000000182e+02 inf
3.130199999999999818e+02 inf
3.130699999999999932e+02 inf
3.131100000000000136e+02 inf
3.131600000000000250e+02 inf
3.131999999999999886e+02 inf
3.132500000000000000e+02 inf
3.132900000000000205e+02 inf
3.133399999999999750e+02 inf
3.133799999999999955e+02 inf
3.134300000000000068e+02 inf
3.134700000000000273e+02 inf
3.135199999999999818e+02 inf
3.135600000000000023e+02 inf
3.136000000000000227e+02 inf
3.136499999999999773e+02 inf
3.136899999999999977e+02 inf
3.137400000000000091e+02 inf
3.137799999999999727e+02 inf
3.138299999999999841e+02 inf
3.138700000000000045e+02 inf
3.139200000000000159e+02 inf
3.139599999999999795e+02 inf
3.140099999999999909e+02 inf
3.140500000000000114e+02 inf
3.141000000000000227e+02 inf
3.141399999999999864e+02 inf
3.141899999999999977e+02 inf
3.142300000000000182e+02 inf
3.142799999999999727e+02 inf
3.143199999999999932e+02 inf
3.143600000000000136e+02 inf
3.144100000000000250e+02 inf
3.144499999999999886e+02 inf
3.145000000000000000e+02 inf
3.145400000000000205e+02 inf
3.145899999999999750e+02 inf
3.146299999999999955e+02 inf
3.146800000000000068e+02 inf
3.147200000000000273e+02 inf
3.147699999999999818e+02 inf
3.148100000000000023e+02 inf
3.148500000000000227e+02 inf
3.148999999999999773e+02 inf
3.149399999999999977e+02 inf
3.149900000000000091e+02 inf
3.150299999999999727e+02 inf
3.150799999999999841e+02 inf
3.151200000000000045e+02 inf
3.151700000000000159e+02 inf
3.152099999999999795e+02 inf
3.152500000000000000e+02 inf
3.153000000000000114e+02 inf
3.153399999999999750e+02 inf
3.153899999999999864e+02 inf
3.154300000000000068e+02 inf
3.154800000000000182e+02 inf
3.155199999999999818e+02 inf
3.155600000000000023e+02 inf
3.156100000000000136e+02 inf
3.156499999999999773e+02 inf
3.156999999999999886e+02 inf
3.157400000000000091e+02 inf
3.157900000000000205e+02 inf
3.158299999999999841e+02 inf
3.158700000000000045e+02 inf
3.159200000000000159e+02 inf
3.159599999999999795e+02 inf
3.160099999999999909e+02 inf
3.160500000000000114e+02 inf
3.161000000000000227e+02 inf
3.161399999999999864e+02 inf
3.161800000000000068e+02 inf
3.162300000000000182e+02 inf
3.162699999999999818e+02 inf
3.163199999999999932e+02 inf
3.163600000000000136e+02 inf
3.163999999999999773e+02 inf
3.164499999999999886e+02 inf
3.164900000000000091e+02 inf
3.165400000000000205e+02 inf
3.165799999999999841e+02 inf
3.166299999999999955e+02 inf
3.166700000000000159e+02 inf
3.167099999999999795e+02 inf
3.167599999999999909e+02 inf
3.168000000000000114e+02 inf
3.168500000000000227e+02 inf
3.168899999999999864e+02 inf
3.169300000000000068e+02 inf
3.169800000000000182e+02 inf
3.170199999999999818e+02 inf
3.170699999999999932e+02 inf
3.171100000000000136e+02 inf
3.171499999999999773e+02 inf
3.171999999999999886e+02 inf
3.172400000000000091e+02 inf
3.172799999999999727e+02 inf
3.173299999999999841e+02 inf
3.173700000000000045e+02 inf
3.174200000000000159e+02 inf
3.174599999999999795e+02 inf
3.175000000000000000e+02 inf
3.175500000000000114e+02 inf
3.175899999999999750e+02 inf
3.176399999999999864e+02 inf
3.176800000000000068e+02 inf
3.177200000000000273e+02 inf
3.177699999999999818e+02 inf
3.178100000000000023e+02 inf
3.178500000000000227e+02 inf
3.178999999999999773e+02 inf
3.179399999999999977e+02 inf
3.179900000000000091e+02 inf
3.180299999999999727e+02 inf
3.180699999999999932e+02 inf
3.181200000000000045e+02 inf
3.181600000000000250e+02 inf
3.181999999999999886e+02 inf
3.182500000000000000e+02 inf
3.182900000000000205e+02 inf
3.183299999999999841e+02 inf
3.183799999999999955e+02 inf
3.184200000000000159e+02 inf
3.184700000000000273e+02 inf
3.185099999999999909e+02 inf
3.185500000000000114e+02 inf
3.186000000000000227e+02 inf
3.186399999999999864e+02 inf
3.186800000000000068e+02 inf
3.187300000000000182e+02 inf
3.187699999999999818e+02 inf
3.188100000000000023e+02 inf
3.188600000000000136e+02 inf
3.188999999999999773e+02 inf
3.189399999999999977e+02 inf
3.189900000000000091e+02 inf
3.190299999999999727e+02 inf
3.190699999999999932e+02 inf
3.191200000000000045e+02 inf
3.191600000000000250e+02 inf
3.192099999999999795e+02 inf
3.192500000000000000e+02 inf
3.192900000000000205e+02 inf
3.193399999999999750e+02 inf
3.193799999999999955e+02 inf
3.194200000000000159e+02 inf
3.194700000000000273e+02 inf
3.195099999999999909e+02 inf
3.195500000000000114e+02 inf
3.196000000000000227e+02 inf
3.196399999999999864e+02 inf
3.196800000000000068e+02 inf
3.197300000000000182e+02 inf
3.197699999999999818e+02 inf
3.198100000000000023e+02 inf
3.198600000000000136e+02 inf
3.198999999999999773e+02 inf
3.199399999999999977e+02 inf
3.199800000000000182e+02 inf
