3.000299948636852037e+02 1.899161850629452530e+00
3.001182641031231810e+02 1.843778751615818168e+00
3.002065172911347872e+02 1.736747855310724731e+00
3.002947544277199654e+02 1.689158293198761873e+00
3.003829755128787724e+02 1.627721402388676575e+00
3.004711805466111514e+02 1.676380900560163756e+00
3.005593695289172160e+02 1.596257169684858424e+00
3.006475424597967390e+02 1.604477794698933701e+00
3.007356993392500044e+02 1.582002641788378350e+00
3.008238401672767282e+02 1.527434224933235996e+00
3.009119649438771944e+02 1.494042104907723933e+00
3.010000736690511758e+02 1.483175130525334229e+00
3.010881663427987860e+02 1.417198252606621578e+00
3.011762429651199682e+02 1.393324171718426374e+00
3.012643035360147792e+02 1.379205791982393237e+00
3.013523480554832190e+02 1.327794494061242503e+00
3.014403765235251740e+02 1.305718317952929031e+00
3.015283889401408146e+02 1.334489048955814994e+00
3.016163853053299704e+02 1.333690850596674693e+00
3.017043656190928118e+02 1.559985890385716445e+00
3.017923298814291684e+02 1.400779635276169000e+00
3.018802780923392106e+02 1.429827521039350069e+00
3.019682102518227680e+02 1.411887782457816876e+00
3.020561263598800110e+02 1.349549661985231852e+00
3.021440264165107692e+02 1.336722887234668589e+00
3.022319104217151562e+02 1.320458269900137482e+00
3.023197783754931720e+02 1.326598045871212772e+00
3.024076302778447598e+02 1.313651798610489418e+00
3.024954661287699196e+02 1.273749502776863940e+00
3.025832859282687650e+02 1.234158469782430378e+00
3.026710896763411824e+02 1.234365583714284398e+00
3.027588773729871718e+02 1.235744626534901469e+00
3.028466490182067901e+02 1.227729394969975463e+00
3.029344046119999803e+02 1.214241998979820991e+00
3.030221441543667993e+02 1.191835650487842679e+00
3.031098676453071334e+02 1.173154190511868089e+00
3.031975750848212101e+02 1.155896558233742821e+00
3.032852664729087451e+02 1.134452750301800927e+00
3.033729418095699657e+02 1.120484560946457320e+00
3.034606010948047583e+02 1.132557874058975456e+00
3.035482443286131797e+02 1.149778483182313238e+00
3.036358715109951731e+02 1.141143123817746297e+00
3.037234826419507954e+02 1.132557041598097225e+00
3.038110777214799327e+02 1.135416998094402663e+00
3.038986567495827558e+02 1.158672251750641813e+00
3.039862197262592076e+02 1.172602757180815969e+00
3.040737666515091746e+02 1.158387721870318465e+00
3.041612975253327704e+02 1.145481857228121569e+00
3.042488123477299382e+02 1.124387158916787532e+00
3.043363111187007917e+02 1.119177408009703001e+00
3.044237938382451603e+02 1.128670863914729594e+00
3.045112605063632145e+02 1.154391561951969569e+00
3.045987111230547839e+02 1.163959466094365736e+00
3.046861456883199821e+02 1.166570290023877021e+00
3.047735642021587523e+02 1.164635443827985339e+00
3.048609666645711513e+02 1.156731968793821341e+00
3.049483530755571223e+02 1.132376967442358273e+00
3.050357234351167790e+02 1.104955559388930197e+00
3.051230777432499508e+02 1.101890762670966639e+00
3.052104159999567514e+02 1.094424092528700987e+00
3.052977382052371809e+02 1.069965429583688898e+00
3.053850443590911823e+02 1.053133028588323805e+00
3.054723344615188125e+02 1.063626844460286547e+00
3.055596085125199579e+02 1.093119218579699625e+00
3.056468665120947890e+02 1.120334114920115809e+00
3.057341084602431351e+02 1.116952445364364443e+00
3.058213343569651670e+02 1.097364391499999314e+00
3.059085442022607708e+02 1.068063564285732570e+00
3.059957379961300035e+02 1.055621780139057719e+00
3.060829157385727513e+02 1.053595261606544486e+00
3.061700774295891847e+02 1.048915623762677329e+00
3.062572230691791901e+02 1.042453995135991907e+00
3.063443526573427675e+02 1.044466136929076638e+00
3.064314661940799738e+02 1.062183153309351313e+00
3.065185636793907520e+02 1.081123249416964693e+00
3.066056451132752159e+02 1.083975397717672928e+00
3.066927104957331949e+02 1.067229145621523267e+00
3.067797598267648027e+02 1.059569819630843179e+00
3.068667931063699825e+02 1.052626628069450510e+00
3.069538103345487912e+02 1.053839701001029194e+00
3.070408115113011718e+02 1.048436879962360235e+00
3.071277966366271812e+02 1.038066038280056169e+00
3.072147657105267626e+02 1.034689410556435263e+00
3.073017187329999729e+02 1.032937457817069582e+00
3.073886557040467551e+02 1.026864099953502363e+00
3.074755766236671661e+02 1.018757790237776018e+00
3.075624814918612060e+02 1.009459822095377435e+00
3.076493703086287610e+02 1.000887294068009803e+00
3.077362430739699448e+02 9.857840521592636795e-01
3.078230997878847575e+02 9.769296492314364366e-01
3.079099404503731989e+02 9.830749644427277945e-01
3.079967650614351555e+02 9.945521856102536029e-01
3.080835736210707978e+02 9.992207601030000941e-01
3.081703661292799552e+02 9.925895531934509908e-01
3.082571425860627983e+02 9.790551145270602884e-01
3.083439029914191565e+02 9.672195125785947312e-01
3.084306473453492004e+02 9.773664441001442826e-01
3.085173756478527594e+02 9.780403112453370795e-01
3.086040878989300040e+02 9.703217407275824824e-01
3.086907840985807638e+02 9.574973582819058526e-01
3.087774642468051525e+02 9.587868887501395099e-01
3.088641283436032268e+02 9.641129912080806941e-01
3.089507763889747594e+02 9.809283670232172847e-01
3.090374083829199208e+02 1.006016325424135882e+00
3.091240243254387678e+02 1.028025550188793602e+00
3.092106242165311869e+02 1.010055257807045859e+00
3.092972080561971779e+02 1.001612297867908286e+00
3.093837758444367978e+02 1.016150502938748312e+00
3.094703275812499896e+02 1.027660295669987400e+00
3.095568632666368103e+02 1.016643189382564483e+00
3.096433829005971461e+02 9.981543566966637471e-01
3.097298864831311676e+02 1.005065147798824388e+00
3.098163740142387610e+02 1.031079708471159595e+00
3.099028454939199833e+02 1.047027327429766785e+00
3.099893009221747775e+02 1.042793268495068482e+00
3.100757402990032006e+02 1.025395814933501404e+00
3.101621636244051956e+02 1.013102568893874844e+00
3.102485708983807626e+02 1.008799404855868831e+00
3.103349621209300153e+02 1.005502772804616862e+00
3.104213372920527831e+02 9.994830864775468005e-01
3.105076964117491798e+02 9.885210231351958532e-01
3.105940394800191484e+02 9.739833521784709847e-01
3.106803664968628027e+02 9.713419884045404462e-01
3.107666774622799721e+02 9.726236988397051197e-01
3.108529723762707704e+02 9.751891228827288538e-01
3.109392512388351406e+02 9.676267902638771012e-01
3.110255140499731965e+02 9.608101364539051170e-01
3.111117608096847675e+02 9.641242546457626794e-01
3.111979915179699674e+02 9.623659354780443875e-01
3.112842061748287392e+02 9.635211507611026738e-01
3.113704047802611967e+02 9.579762387830580428e-01
3.114565873342672262e+02 9.616773480133149477e-01
3.115427538368467708e+02 9.718381785491952973e-01
3.116289042880000011e+02 9.736728369779763526e-01
3.117150386877267465e+02 9.780031099540694717e-01
3.118011570360271776e+02 9.845664028125407086e-01
3.118872593329011806e+02 9.963484027220538275e-01
3.119733455783488125e+02 1.000008900869122197e+00
3.120594157723699595e+02 9.954993964866181155e-01
3.121454699149647922e+02 9.880323867571684238e-01
3.122315080061331400e+02 9.869595270012678778e-01
3.123175300458751735e+02 9.961063777497092264e-01
3.124035360341907790e+02 9.996705222350583675e-01
3.124895259710799564e+02 9.958443078315627472e-01
3.125754998565427627e+02 9.870570931743339882e-01
3.126614576905791978e+02 9.869464413324231522e-01
3.127473994731892049e+02 9.852425054011626493e-01
3.128333252043727839e+02 9.842073240104939336e-01
3.129192348841299918e+02 9.801637127631719348e-01
3.130051285124607716e+02 9.781850402254704813e-01
3.130910060893651803e+02 9.797479383883638260e-01
3.131768676148431609e+02 9.800090936562713129e-01
3.132627130888947704e+02 9.790191373623081672e-01
3.133485425115199519e+02 9.812912011332045603e-01
3.134343558827187621e+02 9.829320346366234862e-01
3.135201532024911444e+02 9.836403026824854789e-01
3.136059344708371555e+02 9.787972623187165544e-01
3.136916996877567385e+02 9.814527849936037773e-01
3.137774488532499504e+02 9.868236455332317636e-01
3.138631819673167342e+02 9.806479440682113191e-01
3.139488990299571469e+02 9.714276884838946025e-01
3.140346000411711884e+02 9.754489789506372022e-01
3.141202850009587451e+02 9.977285392872027314e-01
3.142059539093199874e+02 1.021592270883376008e+00
3.142916067662547448e+02 1.024805536377540793e+00
3.143772435717631879e+02 1.020421303875381325e+00
3.144628643258451461e+02 1.024363946225989030e+00
3.145484690285007900e+02 1.024613639613187965e+00
3.146340576797299491e+02 1.016376242706210187e+00
3.147196302795327938e+02 1.006095262553242664e+00
3.148051868279091536e+02 1.002861171130910334e+00
3.148907273248591991e+02 1.001180627430798609e+00
3.149762517703827598e+02 9.931395296255401961e-01
3.150617601644800061e+02 9.873974905680826808e-01
3.151472525071507675e+02 9.843039846414370908e-01
3.152327287983951578e+02 9.826841436167211841e-01
3.153181890382131769e+02 9.773366482932117627e-01
3.154036332266047680e+02 9.757732967812702274e-01
3.154890613635699879e+02 9.840972083488580546e-01
3.155744734491087797e+02 1.003210060120734104e+00
3.156598694832212004e+02 1.013294055747304023e+00
3.157452494659071363e+02 1.019208602951573006e+00
3.158306133971668146e+02 1.031446420022959831e+00
3.159159612769999512e+02 1.040357058538660340e+00
3.160012931054067735e+02 1.038094259229453753e+00
3.160866088823871678e+02 1.031709320820408227e+00
3.161719086079411909e+02 1.027499446346920697e+00
3.162571922820687291e+02 1.029772101808360318e+00
3.163424599047699530e+02 1.032681450744770801e+00
3.164277114760447489e+02 1.024145128726826393e+00
3.165129469958931736e+02 1.017860824821876120e+00
3.165981664643152271e+02 1.016703810349856685e+00
3.166833698813107958e+02 1.019232727518265547e+00
3.167685572468799933e+02 1.011775129484342894e+00
3.168537285610227627e+02 9.998699360094979172e-01
3.169388838237392179e+02 9.952732590964187276e-01
3.170240230350291881e+02 9.907269300202671269e-01
3.171091461948927872e+02 9.905242824084091735e-01
3.171942533033299583e+02 9.933563778523506471e-01
3.172793443603407582e+02 9.941350212438676559e-01
3.173644193659251300e+02 9.864242300031998978e-01
3.174494783200831876e+02 9.785436090990782265e-01
3.175345212228147602e+02 9.776883471401586201e-01
3.176195480741199617e+02 9.914886752723980345e-01
3.177045588739987352e+02 1.002579672210367034e+00
3.177895536224511943e+02 1.008432330866441129e+00
3.178745323194772254e+02 1.016330205370043815e+00
3.179594949650767717e+02 1.019649995125427200e+00
3.180444415592500036e+02 1.025392097725070117e+00
3.181293721019967506e+02 1.028785379177661996e+00
3.182142865933171834e+02 1.027358516965134028e+00
3.182991850332111881e+02 1.023767458595781887e+00
3.183840674216787647e+02 1.019570099455431533e+00
3.184689337587199702e+02 1.021832295268127355e+00
3.185537840443348045e+02 1.024645359824162272e+00
3.186386182785231540e+02 1.016180029430151288e+00
3.187234364612851891e+02 1.005704248606161588e+00
3.188082385926207394e+02 9.966520695183483936e-01
3.188930246725299753e+02 1.002631600668619782e+00
3.189777947010127264e+02 1.010276408516422197e+00
3.190625486780691631e+02 1.009756432354977917e+00
3.191472866036991718e+02 1.000597483038592417e+00
3.192320084779027525e+02 9.879410319059599432e-01
3.193167143006800188e+02 9.846707122454206873e-01
3.194014040720307435e+02 9.911096907926649768e-01
3.194860777919552106e+02 9.897274984906456741e-01
3.195707354604531361e+02 9.773862700553168636e-01
3.196553770775248040e+02 9.674877450585883665e-01
3.197400026431699303e+02 9.683580324985378018e-01
3.198246121573887990e+02 9.721152242580705094e-01
3.199092056201811261e+02 9.728401223669655984e-01
3.199937830315471956e+02 9.716531502925708219e-01
3.200783443914867235e+02 9.712457437222717926e-01
3.201628896999999938e+02 9.735276092514940638e-01
3.202474189570867225e+02 9.730671816469816937e-01
3.203319321627471936e+02 9.763067146861281742e-01
3.204164293169811799e+02 9.796922775651463189e-01
3.205009104197887950e+02 9.759516968726574815e-01
3.205853754711699821e+02 9.771333951571130605e-01
3.206698244711247412e+02 9.832665236312526647e-01
3.207542574196531859e+02 9.856881837255402345e-01
3.208386743167551458e+02 9.911601915532322060e-01
3.209230751624307914e+02 9.908239604322364169e-01
3.210074599566799520e+02 9.927983869300924802e-01
3.210918286995027984e+02 9.946335071768160896e-01
3.211761813908991599e+02 9.973729237165854800e-01
3.212605180308692070e+02 9.939334439904852214e-01
3.213448386194128261e+02 9.887878089054548125e-01
3.214291431565299604e+02 9.876875973841215961e-01
3.215134316422207235e+02 9.861074107780962716e-01
3.215977040764851722e+02 9.818370071560199586e-01
3.216819604593231929e+02 9.712305413843197455e-01
3.217662007907347856e+02 9.612077697276472099e-01
3.218504250707200072e+02 9.558464557993462396e-01
3.219346332992787438e+02 9.597724131101821321e-01
3.220188254764111662e+02 9.677123406354013468e-01
3.221030016021171605e+02 9.676634935573652507e-01
3.221871616763967836e+02 9.624812240359441606e-01
3.222713056992499787e+02 9.644825482684291629e-01
3.223554336706768026e+02 9.718417245044584929e-01
3.224395455906771417e+02 9.782017560427294089e-01
3.225236414592511665e+02 9.733251958683848404e-01
3.226077212763988200e+02 9.764967279023929470e-01
3.226917850421199887e+02 9.874821702702528681e-01
3.227758327564147294e+02 9.957575874736036559e-01
3.228598644192831557e+02 9.990027821585328871e-01
3.229438800307252109e+02 9.928873061937624200e-01
3.230278795907407812e+02 9.917801979822303826e-01
3.231118630993299803e+02 1.000329074987073685e+00
3.231958305564927514e+02 1.005019632927915296e+00
3.232797819622292081e+02 1.007029945934166282e+00
3.233637173165391800e+02 1.009411181491514320e+00
3.234476366194227808e+02 1.006127695320293114e+00
3.235315398708799535e+02 1.003433147909797096e+00
3.236154270709107550e+02 1.006719267198428414e+00
3.236992982195151285e+02 1.007345438430128359e+00
3.237831533166931877e+02 1.007705826568713992e+00
3.238669923624448188e+02 1.001043074500042040e+00
3.239508153567699651e+02 9.941015117900573461e-01
3.240346222996687402e+02 1.001413890931925676e+00
3.241184131911411441e+02 1.005160563185086176e+00
3.242021880311871769e+02 1.005428707376760045e+00
3.242859468198067816e+02 9.988594292477079861e-01
3.243696895570000152e+02 9.906743551201175890e-01
3.244534162427667638e+02 9.885277113387541670e-01
3.245371268771071982e+02 9.927408019093529878e-01
3.246208214600211477e+02 9.956386248966587749e-01
3.247044999915087828e+02 9.920153731559284704e-01
3.247881624715699331e+02 9.895941643957897327e-01
3.248718089002047691e+02 9.919591898277350106e-01
3.249554392774131770e+02 9.919872649306995527e-01
3.250390536031951569e+02 9.943695011636786152e-01
3.251226518775508225e+02 9.991671330979349230e-01
3.252062341004799464e+02 1.000220233518836821e+00
3.252898002719827559e+02 9.937188112221339020e-01
3.253733503920591943e+02 9.898261586033550996e-01
3.254568844607092046e+02 9.925742638958245934e-01
3.255404024779327870e+02 9.994986842669322247e-01
3.256239044437299981e+02 1.000261965442161838e+00
3.257073903581007812e+02 9.976331560740248072e-01
3.257908602210451932e+02 9.984985201740146366e-01
3.258743140325631771e+02 1.002829416698869602e+00
3.259577517926547898e+02 1.004186564585501706e+00
3.260411735013199745e+02 1.000207978655095253e+00
3.261245791585587881e+02 1.001501501652747539e+00
3.262079687643711736e+02 1.007838172592806725e+00
3.262913423187571880e+02 1.013693823366282665e+00
3.263746998217168311e+02 1.012766293226822212e+00
3.264580412732499894e+02 1.007284388499963157e+00
3.265413666733567197e+02 1.004972417471024171e+00
3.266246760220371925e+02 1.004978005197241009e+00
3.267079693192911805e+02 1.001226861654942457e+00
3.267912465651187404e+02 1.000049275921501390e+00
3.268745077595199859e+02 1.003337727001960333e+00
3.269577529024947466e+02 1.002508943695222809e+00
3.270409819940431930e+02 1.000533694408778373e+00
3.271241950341651545e+02 9.978818304539399664e-01
3.272073920228608017e+02 9.969202179040023148e-01
3.272905729601299640e+02 9.982245682303583223e-01
3.273737378459727552e+02 9.995348867053701625e-01
3.274568866803891751e+02 9.984330877780167590e-01
3.275400194633791671e+02 9.957064722836479476e-01
3.276231361949427878e+02 9.898557178189562045e-01
3.277062368750799806e+02 9.866443261978598001e-01
3.277893215037907453e+02 9.853577330347844665e-01
3.278723900810751957e+02 9.843162988892869558e-01
3.279554426069332180e+02 9.892689350826371353e-01
3.280384790813647555e+02 9.974228782709552155e-01
3.281214995043699787e+02 1.001883769844090777e+00
3.282045038759487738e+02 9.982218804426977732e-01
3.282874921961011978e+02 9.963614481403105794e-01
3.283704644648271369e+02 1.001465902454083290e+00
3.284534206821267617e+02 1.008924983058792302e+00
3.285363608479999584e+02 1.016440706467790944e+00
3.286192849624467840e+02 1.015353760457413879e+00
3.287021930254671247e+02 1.006796056018522068e+00
3.287850850370611511e+02 1.004957264401235895e+00
3.288679609972288063e+02 1.008738253687536224e+00
3.289508209059699766e+02 1.015172832399146019e+00
3.290336647632847757e+02 1.017455298421102050e+00
3.291164925691731469e+02 1.016281678424850510e+00
3.291993043236352037e+02 1.013596566918455233e+00
3.292821000266707756e+02 1.014634363370264580e+00
3.293648796782799764e+02 1.012384037964469963e+00
3.294476432784627491e+02 1.010398657217179696e+00
3.295303908272192075e+02 1.007849555983863610e+00
3.296131223245491810e+02 1.014463379461832071e+00
3.296958377704527834e+02 1.015685836197124159e+00
3.297785371649299577e+02 1.010224812171083064e+00
3.298612205079807609e+02 1.001438039183655482e+00
3.299438877996051360e+02 1.005853108515788685e+00
3.300265390398031968e+02 1.012972361517526565e+00
3.301091742285748296e+02 1.010967550415282856e+00
3.301917933659199775e+02 9.976906826972232745e-01
3.302743964518388111e+02 9.926770225964187677e-01
3.303569834863311598e+02 9.971943327712984306e-01
3.304395544693971942e+02 1.004427493090266132e+00
3.305221094010367437e+02 1.001804233741912631e+00
3.306046482812499789e+02 9.955361657509717022e-01
3.306871711100367861e+02 9.933938123183534419e-01
3.307696778873971653e+02 9.955369865420278241e-01
3.308521686133311732e+02 9.981200879218149469e-01
3.309346432878387532e+02 9.989574170770542105e-01
3.310171019109199619e+02 9.956018405158646445e-01
3.310995444825747995e+02 9.976254324049425026e-01
3.311819710028031523e+02 1.003762685672853650e+00
3.312643814716051907e+02 1.007307744446185316e+00
3.313467758889808010e+02 1.012332686735475606e+00
3.314291542549299834e+02 1.011947764189778054e+00
3.315115165694527946e+02 1.012004786546229829e+00
3.315938628325491777e+02 1.016289169604809084e+00
3.316761930442191897e+02 1.019910387523450312e+00
3.317585072044627736e+02 1.022206617945519813e+00
3.318408053132799864e+02 1.019811202898676328e+00
3.319230873706707712e+02 1.016788920261347817e+00
3.320053533766351848e+02 1.017487075897722359e+00
3.320876033311731703e+02 1.024587141762397069e+00
3.321698372342847847e+02 1.027278331965835401e+00
3.322520550859699711e+02 1.017647122293383388e+00
3.323342568862287862e+02 1.012919034013499697e+00
3.324164426350611734e+02 1.013089978822782733e+00
3.324986123324671894e+02 1.013882251829032022e+00
3.325807659784467774e+02 1.016501024780860796e+00
3.326629035729999941e+02 1.020205780341961521e+00
3.327450251161267829e+02 1.019807555562951551e+00
3.328271306078271436e+02 1.021371939880985513e+00
3.329092200481011901e+02 1.020191979707765206e+00
3.329912934369487516e+02 1.020484607085899498e+00
3.330733507743699988e+02 1.020666774127011234e+00
3.331553920603647612e+02 1.018414587397463267e+00
3.332374172949332092e+02 1.014297282434331704e+00
3.333194264780751723e+02 1.016894975382029331e+00
3.334014196097907643e+02 1.016972602475438858e+00
3.334833966900799282e+02 1.014101795114469740e+00
3.335653577189427779e+02 1.005573995046576297e+00
3.336473026963791426e+02 1.003238525379418711e+00
3.337292316223891930e+02 1.004084656251520880e+00
3.338111444969728154e+02 1.005003744605644123e+00
3.338930413201299530e+02 1.009189219512027336e+00
3.339749220918607762e+02 1.011093609352256228e+00
3.340567868121651713e+02 1.008828762821466718e+00
3.341386354810431953e+02 1.006628814934922733e+00
3.342204680984947345e+02 1.004384350874239384e+00
3.343022846645200161e+02 1.009826593268984496e+00
3.343840851791187561e+02 1.013524559865272678e+00
3.344658696422911817e+02 1.009638866194821460e+00
3.345476380540371792e+02 1.006658645034779864e+00
3.346293904143568056e+02 1.012986454017170246e+00
3.347111267232499472e+02 1.019014809862459847e+00
3.347928469807167744e+02 1.022343105923406936e+00
3.348745511867571736e+02 1.008666178847808848e+00
3.349562393413711447e+02 9.979298999138758175e-01
3.350379114445588016e+02 1.001232056020195049e+00
3.351195674963199735e+02 1.009534896378184055e+00
3.352012074966547743e+02 1.014342733059950818e+00
3.352828314455631471e+02 1.018744794701843315e+00
3.353644393430452055e+02 1.019139082665482698e+00
3.354460311891007791e+02 1.017573906632374348e+00
3.355276069837299815e+02 1.019392758881202843e+00
3.356091667269327559e+02 1.019929444435887733e+00
3.356907104187091591e+02 1.019511712898280464e+00
3.357722380590591342e+02 1.022314188446406646e+00
3.358537496479827951e+02 1.022859618984814478e+00
3.359352451854799710e+02 1.018191775147602174e+00
3.360167246715507758e+02 1.013122323769462652e+00
3.360981881061951526e+02 1.007326604351169053e+00
3.361796354894131582e+02 1.004447548159743242e+00
3.362610668212047926e+02 1.010037591717707128e+00
3.363424821015699422e+02 1.013057715734884789e+00
3.364238813305087206e+02 1.018512501137976534e+00
3.365052645080211846e+02 1.024003173168969383e+00
3.365866316341071638e+02 1.025836461329186378e+00
3.366679827087667718e+02 1.025920479780582539e+00
3.367493177320000086e+02 1.019602364867973288e+00
3.368306367038067606e+02 1.010734407682796432e+00
3.369119396241871982e+02 1.004349303495094103e+00
3.369932264931411510e+02 1.001608068525972950e+00
3.370744973106687894e+02 1.007161089523744169e+00
3.371557520767699998e+02 1.005350626779264456e+00
3.372369907914447822e+02 1.003288474191345259e+00
3.373182134546931366e+02 1.006918235972679376e+00
3.373994200665151766e+02 1.010209011437912308e+00
3.374806106269107886e+02 1.010512237066004460e+00
3.375617851358799726e+02 1.012047550964779274e+00
3.376429435934227854e+02 1.011704000033264439e+00
3.377240859995391702e+02 1.021976826723795417e+00
3.378052123542291838e+02 1.025711861072963638e+00
3.378863226574927694e+02 1.019410369764576441e+00
3.379674169093299838e+02 1.005886699408026219e+00
3.380484951097407702e+02 9.979370264422605663e-01
3.381295572587251854e+02 1.004093297378928273e+00
3.382106033562831726e+02 1.013644945650406415e+00
3.382916334024147886e+02 1.008789186124678494e+00
3.383726473971199766e+02 9.993085721288629264e-01
3.384536453403987935e+02 1.000469568579934743e+00
3.385346272322511254e+02 1.012069176614915245e+00
3.386155930726771430e+02 1.018332289857539097e+00
3.386965428616767895e+02 1.017823815000620469e+00
3.387774765992499511e+02 1.008194830636331973e+00
3.388583942853967983e+02 1.003159027743238285e+00
3.389392959201171607e+02 1.008296037805025414e+00
3.390201815034112087e+02 1.015098498582054143e+00
3.391010510352787719e+02 1.012882564353028370e+00
3.391819045157199639e+02 1.007183777399753177e+00
3.392627419447347279e+02 9.984650441796687481e-01
3.393435633223231775e+02 9.970442903311745875e-01
3.394243686484851423e+02 9.976528489446570003e-01
3.395051579232207928e+02 9.987555100621312576e-01
3.395859311465300152e+02 1.002933929559180815e+00
3.396666883184127528e+02 1.004584933849513195e+00
3.397474294388691192e+02 1.002512934681756285e+00
3.398281545078991712e+02 1.000669631954320682e+00
3.399088635255027953e+02 1.000027624786179681e+00
3.399895564916799913e+02 1.006030611546896880e+00
3.400702334064308161e+02 1.006516759200794864e+00
3.401508942697551561e+02 1.006555401048725651e+00
3.402315390816531817e+02 1.003399758343645143e+00
3.403121678421247793e+02 9.995033596615022775e-01
3.403927805511700058e+02 9.990680940372383967e-01
3.404733772087887473e+02 9.987601457594244003e-01
3.405539578149811746e+02 9.996542482831921594e-01
3.406345223697471738e+02 1.003317016711368748e+00
3.407150708730868018e+02 1.006082227271034135e+00
3.407956033250000019e+02 1.008326007780786515e+00
3.408761197254867739e+02 1.004091191449655085e+00
3.409566200745471178e+02 9.969436292933294697e-01
3.410371043721811475e+02 9.941087858565090807e-01
3.411175726183888059e+02 9.978397691594360630e-01
3.411980248131699796e+02 1.005165896477609344e+00
3.412784609565247820e+02 1.000344311530935171e+00
3.413588810484531564e+02 9.918350518444125630e-01
3.414392850889552165e+02 9.857851956417318373e-01
3.415196730780307348e+02 9.912760780241987035e-01
3.416000450156799957e+02 9.987385906922967571e-01
3.416804009019027717e+02 9.992511414154899851e-01
3.417607407366991765e+02 9.965912822716663788e-01
3.418410645200691533e+02 9.916150126154140709e-01
3.419213722520127590e+02 9.914790376648024983e-01
3.420016639325299934e+02 9.925205791658082699e-01
3.420819395616207999e+02 9.965995670331423417e-01
3.421621991392851214e+02 9.984958272335155982e-01
3.422424426655231855e+02 9.894658861069661748e-01
3.423226701403348216e+02 9.803893520376525395e-01
3.424028815637199727e+02 9.780668924149982235e-01
3.424830769356788096e+02 9.875204451527400673e-01
3.425632562562111616e+02 9.936064820461185665e-01
3.426434195253171993e+02 9.936826418434347996e-01
3.427235667429967521e+02 9.883164750425926792e-01
3.428036979092499905e+02 9.865944008913182239e-01
3.428838130240767441e+02 9.810705960842885931e-01
3.429639120874771834e+02 9.873874851442000500e-01
3.430439950994511378e+02 9.951880479350417863e-01
3.431240620599987778e+02 9.997438216185215998e-01
3.432041129691199899e+02 9.929453504240633999e-01
3.432841478268147739e+02 9.837852070297409268e-01
3.433641666330831299e+02 9.798896185545665771e-01
3.434441693879251716e+02 9.921502733355360704e-01
3.435241560913407852e+02 1.001748851297681986e+00
3.436041267433299709e+02 9.955099553664512602e-01
3.436840813438927853e+02 9.888077340150228656e-01
3.437640198930291717e+02 9.872357931258504138e-01
3.438439423907391870e+02 9.978421194549131901e-01
3.439238488370227742e+02 9.983886091788342076e-01
3.440037392318799903e+02 9.890870292493042504e-01
3.440836135753107783e+02 9.825972462838994392e-01
3.441634718673151951e+02 9.798181028390855474e-01
3.442433141078931271e+02 9.762593613362009481e-01
3.443231402970448016e+02 9.755425292086765676e-01
3.444029504347699913e+02 9.758033613136103401e-01
3.444827445210687529e+02 9.780120899353463848e-01
3.445625225559411433e+02 9.790622984747400226e-01
3.446422845393871626e+02 9.837227395298455690e-01
3.447220304714068106e+02 9.851982066885254241e-01
3.448017603519999739e+02 9.807003920171031286e-01
3.448814741811667659e+02 9.743777433651273912e-01
3.449611719589071868e+02 9.795278999266164854e-01
3.450408536852211796e+02 9.906985237992744775e-01
3.451205193601087444e+02 9.959185397326706379e-01
3.452001689835699949e+02 9.893387333644236836e-01
3.452798025556047605e+02 9.840593265681937263e-01
3.453594200762131550e+02 9.828871600286371857e-01
3.454390215453951214e+02 9.916571999329806264e-01
3.455186069631507735e+02 9.920356670603428517e-01
3.455981763294799975e+02 9.924495341027252948e-01
3.456777296443827936e+02 9.894692587999814881e-01
3.457572669078591616e+02 9.852044457745429140e-01
3.458367881199091585e+02 9.813311247675475801e-01
3.459162932805327841e+02 9.872018172537678771e-01
3.459957823897299818e+02 9.922020248205525306e-01
3.460752554475008083e+02 9.866891948634579634e-01
3.461547124538451499e+02 9.739077819462694796e-01
3.462341534087631771e+02 9.745571578730101159e-01
3.463135783122547764e+02 9.833625165444762617e-01
3.463929871643200045e+02 9.907773044664316409e-01
3.464723799649587477e+02 9.878662380230878171e-01
3.465517567141711766e+02 9.837177132234691257e-01
3.466311174119571206e+02 9.837553260194417115e-01
3.467104620583167502e+02 9.858875854001327710e-01
3.467897906532500087e+02 9.845882968211826514e-01
3.468691031967567824e+02 9.843791207678147526e-01
3.469483996888371280e+02 9.875403790451166008e-01
3.470276801294911593e+02 9.927933874465368902e-01
3.471069445187188194e+02 9.878509238381676383e-01
3.471861928565199378e+02 9.809405294197486302e-01
3.472654251428947987e+02 9.777399706678281399e-01
3.473446413778431747e+02 9.828795037026647474e-01
3.474238415613651796e+02 9.832220332381907957e-01
3.475030256934607564e+02 9.813725960518892011e-01
3.475821937741299621e+02 9.723506795762378863e-01
3.476613458033727397e+02 9.728951343361722515e-01
3.477404817811892030e+02 9.769679516337070879e-01
3.478196017075791246e+02 9.814972841424678407e-01
3.478987055825427888e+02 9.812187037343352847e-01
3.479777934060800249e+02 9.835499555349924705e-01
3.480568651781907761e+02 9.814260949373561083e-01
3.481359208988751561e+02 9.823362123064870444e-01
3.482149605681331650e+02 9.853767235813382097e-01
3.482939841859648027e+02 9.890514611619224405e-01
3.483729917523699555e+02 9.882540210208471398e-01
3.484519832673487940e+02 9.837109769116096913e-01
3.485309587309011476e+02 9.779775144825617605e-01
3.486099181430271869e+02 9.773779242946180057e-01
3.486888615037267414e+02 9.862696200149005943e-01
3.487677888129999815e+02 9.924533737391114663e-01
3.488467000708467936e+02 9.844042527832961298e-01
3.489255952772671776e+02 9.793703203753798547e-01
3.490044744322611336e+02 9.815793572844745407e-01
3.490833375358287753e+02 9.831719892827514018e-01
3.491621845879699890e+02 9.837091938753075304e-01
3.492410155886847747e+02 9.720723392387932149e-01
3.493198305379731323e+02 9.623717141946134257e-01
3.493986294358351756e+02 9.698437579484424642e-01
3.494774122822707909e+02 9.815772877980019073e-01
3.495561790772799782e+02 9.810351496421860773e-01
3.496349298208627943e+02 9.743222476408670563e-01
3.497136645130191823e+02 9.663856628643496816e-01
3.497923831537491992e+02 9.650022692251375434e-01
3.498710857430527312e+02 9.774272367033645104e-01
3.499497722809300058e+02 9.865749701951128658e-01
3.500284427673807954e+02 9.861571106412123644e-01
3.501070972024051571e+02 9.826866303009749171e-01
3.501857355860031475e+02 9.784939051567675961e-01
3.502643579181747668e+02 9.803282930566306064e-01
3.503429641989200150e+02 9.895041463773658341e-01
3.504215544282387782e+02 9.933014575831583537e-01
3.505001286061311134e+02 9.897089794013574915e-01
3.505786867325971912e+02 9.820234851749273242e-01
3.506572288076367840e+02 9.830468754150749611e-01
3.507357548312499489e+02 9.892049899285699777e-01
3.508142648034367994e+02 9.964693684309506860e-01
3.508927587241971651e+02 9.955486737684775544e-01
3.509712365935311595e+02 9.865864141830522627e-01
3.510496984114387260e+02 9.778101742703411148e-01
3.511281441779199781e+02 9.844254071730111910e-01
3.512065738929748022e+02 9.880591075775850829e-01
3.512849875566031983e+02 9.925690627271176458e-01
3.513633851688051664e+02 9.928459954307724544e-01
3.514417667295807632e+02 9.887899483248541177e-01
3.515201322389299889e+02 9.892765681361443963e-01
3.515984816968527866e+02 9.917983699032061340e-01
3.516768151033491563e+02 9.907489619959840565e-01
3.517551324584191548e+02 9.991561511627677916e-01
3.518334337620627821e+02 1.004573424026397044e+00
3.519117190142799814e+02 1.004896141740813986e+00
3.519899882150708095e+02 9.979178247409086211e-01
3.520682413644351527e+02 9.964501300684623919e-01
3.521464784623731816e+02 9.890686310971936734e-01
3.522246995088847257e+02 9.897711887851518009e-01
3.523029045039699554e+02 9.906322256253766723e-01
3.523810934476288139e+02 9.932421380668133848e-01
3.524592663398611876e+02 9.949181442875287829e-01
3.525374231806671332e+02 9.931233494474845935e-01
3.526155639700467646e+02 9.856018957105308065e-01
3.526936887080000247e+02 9.905570760216232395e-01
3.527717973945267431e+02 9.912196038617637761e-01
3.528498900296271472e+02 9.891402237062209002e-01
3.529279666133011801e+02 9.928466103206566862e-01
3.530060271455487850e+02 9.998294316532977399e-01
3.530840716263699619e+02 1.002267845949916802e+00
3.531621000557647676e+02 9.959902370918310988e-01
3.532401124337331453e+02 9.880240506274575729e-01
3.533181087602752086e+02 9.854849658781271726e-01
3.533960890353907303e+02 9.916834997088478376e-01
3.534740532590799944e+02 9.992986151691390928e-01
3.535520014313428305e+02 1.004192885193294416e+00
3.536299335521791818e+02 1.000298654523462671e+00
3.537078496215891619e+02 9.907424740906872751e-01
3.537857496395727708e+02 9.865113987919996719e-01
3.538636336061300085e+02 9.925797964237961235e-01
3.539415015212607614e+02 1.001217383747025513e+00
3.540193533849651431e+02 1.000402441998786696e+00
3.540971891972431536e+02 9.949628715236465970e-01
3.541750089580947929e+02 9.956646665828682297e-01
3.542528126675199474e+02 9.988614951037938505e-01
3.543306003255187875e+02 9.963966392529062244e-01
3.544083719320911428e+02 9.970719731606967340e-01
3.544861274872371837e+02 9.996312237461736361e-01
3.545638669909567398e+02 1.002800146766826384e+00
3.546415904432499815e+02 1.005150078610930420e+00
3.547192978441167952e+02 1.003122097750139385e+00
3.547969891935571809e+02 1.000423070559226080e+00
3.548746644915711386e+02 1.003077525527148239e+00
3.549523237381587819e+02 1.000947137923253294e+00
3.550299669333199972e+02 9.953834622659997189e-01
3.551075940770547845e+02 1.001632107231168689e+00
3.551852051693632006e+02 1.004920788701274992e+00
3.552628002102451887e+02 1.005623584515223490e+00
3.553403791997008057e+02 9.999732926547407752e-01
3.554179421377299377e+02 9.917403032679872332e-01
3.554954890243328123e+02 9.935098042612665603e-01
3.555730198595091451e+02 9.990076229667185226e-01
3.556505346432591637e+02 9.959753623589010507e-01
3.557280333755827542e+02 9.965681279826016370e-01
3.558055160564799735e+02 1.001809968414695717e+00
3.558829826859508216e+02 1.009287470454406588e+00
3.559604332639951849e+02 1.017221579273706045e+00
3.560378677906131202e+02 1.007414977529292877e+00
3.561152862658047411e+02 9.970584232850691064e-01
3.561926886895699909e+02 9.955194555292997682e-01
3.562700750619087557e+02 1.011011260693611469e+00
3.563474453828212063e+02 1.027234438057878840e+00
3.564247996523071720e+02 1.028681009376841704e+00
3.565021378703667665e+02 1.004280212896621505e+00
3.565794600369999330e+02 9.884288683080661997e-01
3.566567661522067851e+02 9.939775046039004414e-01
3.567340562159871524e+02 1.006450684491501324e+00
3.568113302283412054e+02 1.017559966984566744e+00
3.568885881892687735e+02 1.013877925966663041e+00
3.569658300987699704e+02 1.004135098286129013e+00
3.570430559568447961e+02 1.002035041004428084e+00
3.571202657634931938e+02 1.006787569631515833e+00
3.571974595187151635e+02 1.010199128549826186e+00
3.572746372225107621e+02 1.022545944334031010e+00
3.573517988748799894e+02 1.020435784180681482e+00
3.574289444758227887e+02 1.016816011086084437e+00
3.575060740253392169e+02 1.021340003511863825e+00
3.575831875234291601e+02 1.022185565397816909e+00
3.576602849700927891e+02 1.014437263613289675e+00
3.577373663653299332e+02 1.009083687192620760e+00
3.578144317091407629e+02 1.011427946501765929e+00
3.578914810015251646e+02 1.025615832258084614e+00
3.579685142424831952e+02 1.034509586212306154e+00
3.580455314320147409e+02 1.014224589454036485e+00
3.581225325701199722e+02 1.000687080683984265e+00
3.581995176567987755e+02 1.001739775962512624e+00
3.582764866920511508e+02 1.009113276845905460e+00
3.583534396758771550e+02 1.018155999603776118e+00
3.584303766082767879e+02 1.013915181386982889e+00
3.585072974892499929e+02 9.991276758540479364e-01
3.585842023187967698e+02 9.985921838241400561e-01
3.586610910969171755e+02 1.006422675241947173e+00
3.587379638236111532e+02 1.014549636556282719e+00
3.588148204988787597e+02 1.014734134144129163e+00
3.588916611227199382e+02 1.004319476355725937e+00
3.589684856951348024e+02 1.001082953089050376e+00
3.590452942161231249e+02 1.006271714729566558e+00
3.591220866856851899e+02 1.012755238826381410e+00
3.591988631038207700e+02 1.017318863873821533e+00
3.592756234705299789e+02 1.013194750156407364e+00
3.593523677858128167e+02 1.007029536966816075e+00
3.594290960496691696e+02 1.006005730408374488e+00
3.595058082620991513e+02 1.007813863925427267e+00
3.595825044231027618e+02 1.016532905092342398e+00
3.596591845326800012e+02 1.024812171179616760e+00
3.597358485908307557e+02 1.019923330481883772e+00
3.598124965975551959e+02 1.014358167363008434e+00
3.598891285528531512e+02 1.012023487268219002e+00
3.599657444567247921e+02 1.015513834515511249e+00
3.600423443091699482e+02 1.017972907685386064e+00
3.601189281101887900e+02 1.015929385976759747e+00
3.601954958597811469e+02 1.016089342710903232e+00
3.602720475579471895e+02 1.025275547805529985e+00
3.603485832046867472e+02 1.026062208369538320e+00
3.604251027999999906e+02 1.015945722314814947e+00
3.605016063438868059e+02 1.007491926414581851e+00
3.605780938363471932e+02 1.006387766844424547e+00
3.606545652773811526e+02 1.020688465538440060e+00
3.607310206669887407e+02 1.032911414125622152e+00
3.608074600051700145e+02 1.025510942791896918e+00
3.608838832919247466e+02 1.010959952060828781e+00
3.609602905272531643e+02 1.010124279510679957e+00
3.610366817111551541e+02 1.014967091930200294e+00
3.611130568436307726e+02 1.029072115540221821e+00
3.611894159246799632e+02 1.039954175052588470e+00
3.612657589543027825e+02 1.036715382274410180e+00
3.613420859324991739e+02 1.026905382413652923e+00
3.614183968592691940e+02 1.015342013334830096e+00
3.614946917346127293e+02 1.012146750211575741e+00
3.615709705585299503e+02 1.021960434745187829e+00
3.616472333310208001e+02 1.029662059188635181e+00
3.617234800520851650e+02 1.031599913947419456e+00
3.617997107217231587e+02 1.030572668638249256e+00
3.618759253399347813e+02 1.022822747336441296e+00
3.619521239067199758e+02 1.017879727053877525e+00
3.620283064220787423e+02 1.019054882763511971e+00
3.621044728860111945e+02 1.024703487878946273e+00
3.621806232985171619e+02 1.037558434006009112e+00
3.622567576595967580e+02 1.043609131586260563e+00
3.623328759692499261e+02 1.037583737484947477e+00
3.624089782274767799e+02 1.036267397293685333e+00
3.624850644342771488e+02 1.044236904924598530e+00
3.625611345896512034e+02 1.046270324886608094e+00
3.626371886935987732e+02 1.036903895366604544e+00
3.627132267461199717e+02 1.023695504696692682e+00
3.627892487472147991e+02 1.028667816526501300e+00
3.628652546968831984e+02 1.042283304459191040e+00
3.629412445951251129e+02 1.046828074372760708e+00
3.630172184419407699e+02 1.032687125194858391e+00
3.630931762373299989e+02 1.027074090452922528e+00
3.631691179812927430e+02 1.028340865722398467e+00
3.632450436738291728e+02 1.032251547455723895e+00
3.633209533149391746e+02 1.030420536298226386e+00
3.633968469046228051e+02 1.031696993037103605e+00
3.634727244428799509e+02 1.033148345784222544e+00
3.635485859297107822e+02 1.040214593492087891e+00
3.636244313651151288e+02 1.041020903627040139e+00
3.637002607490931609e+02 1.039271452621335801e+00
3.637760740816447651e+02 1.039059716838343306e+00
3.638518713627699981e+02 1.040377920018434876e+00
3.639276525924688030e+02 1.041852438091503075e+00
3.640034177707411800e+02 1.038948802786530567e+00
3.640791668975871289e+02 1.035673150683675603e+00
3.641548999730067635e+02 1.042674153378853275e+00
3.642306169969999701e+02 1.044609402021299704e+00
3.643063179695667486e+02 1.031412841979635120e+00
3.643820028907072128e+02 1.023258356140659187e+00
3.644576717604211353e+02 1.015896239847862814e+00
3.645333245787088003e+02 1.009421329115497645e+00
3.646089613455699805e+02 1.010590933244232437e+00
3.646845820610047895e+02 9.945609523102144633e-01
3.647601867250131704e+02 9.858504756474104624e-01
3.648357753375951802e+02 9.924979438660489484e-01
3.649113478987507619e+02 9.913117100069508414e-01
3.649869044084799725e+02 9.867957035000046728e-01
3.650624448667828119e+02 9.841974006735402236e-01
3.651379692736591664e+02 9.814553306983059278e-01
3.652134776291091498e+02 9.877937125858274880e-01
3.652889699331327620e+02 9.864390884686283778e-01
3.653644461857300030e+02 9.829655179059362258e-01
3.654399063869007591e+02 9.873814945204387739e-01
3.655153505366452009e+02 9.853566621717033680e-01
3.655907786349631579e+02 9.853095520038452904e-01
3.656661906818548005e+02 9.899514355893199724e-01
3.657415866773199582e+02 9.874036991571997213e-01
3.658169666213588016e+02 9.890705116395496210e-01
3.658923305139712170e+02 9.877106129966009007e-01
3.659676783551572044e+02 9.806448924108854825e-01
3.660430101449167637e+02 9.845839649664656079e-01
3.661183258832499519e+02 9.893212516146444591e-01
3.661936255701567688e+02 9.855730092690183630e-01
3.662689092056371578e+02 9.874551448261424946e-01
3.663441767896911188e+02 9.875155541983804408e-01
3.664194283223187654e+02 9.842267116352965139e-01
3.664946638035199840e+02 9.834429287089572203e-01
3.665698832332947745e+02 9.781839579345166236e-01
3.666450866116431939e+02 9.780190410694687975e-01
3.667202739385651284e+02 9.891463037931352842e-01
3.667954452140608055e+02 9.951691570806359133e-01
3.668706004381299408e+02 9.904698149859769707e-01
3.669457396107727618e+02 9.831032532337546925e-01
3.670208627319892116e+02 9.871730431061380706e-01
3.670959698017791766e+02 9.960318083537973433e-01
3.671710608201427704e+02 1.000340273637304378e+00
3.672461357870799930e+02 9.935502462054444095e-01
3.673211947025907875e+02 9.864486932971621158e-01
3.673962375666751541e+02 9.881102714664692366e-01
3.674712643793331495e+02 9.917275501558749928e-01
3.675462751405647737e+02 9.909931641127831536e-01
3.676212698503699698e+02 9.883413354252531535e-01
3.676962485087487380e+02 9.879141361453382952e-01
3.677712111157011918e+02 9.896083280572270935e-01
3.678461576712271608e+02 9.955185078880361971e-01
3.679210881753267586e+02 9.954388824764236476e-01
3.679960026279999283e+02 9.936327622706436768e-01
3.680709010292467838e+02 9.954464625645155218e-01
3.681457833790672112e+02 9.938528877049256360e-01
3.682206496774611537e+02 9.907516231723286770e-01
3.682954999244287251e+02 9.873826124412197203e-01
3.683703341199699821e+02 9.877149783372253244e-01
3.684451522640848111e+02 9.860727285289481170e-01
3.685199543567731553e+02 9.872036577021835457e-01
3.685947403980351282e+02 9.889828366142393579e-01
3.686695103878707869e+02 9.908328718473915497e-01
3.687442643262800175e+02 9.932082739782680525e-01
3.688190022132627632e+02 9.949518408685542603e-01
3.688937240488191946e+02 9.857890106537658959e-01
3.689684298329491412e+02 9.806515319337182346e-01
3.690431195656527734e+02 9.826154579447988757e-01
3.691177932469299776e+02 9.874077451089290358e-01
3.691924508767807538e+02 9.869912667856671762e-01
3.692670924552052156e+02 9.816913971215761592e-01
3.693417179822031926e+02 9.788909616460623742e-01
3.694163274577747416e+02 9.822441144442457528e-01
3.694909208819199762e+02 9.932167598856359580e-01
3.695654982546387828e+02 9.960956172717783108e-01
3.696400595759311614e+02 9.945715717701592018e-01
3.697146048457971119e+02 9.936437500903952946e-01
3.697891340642367481e+02 9.971341001612369359e-01
3.698636472312500132e+02 9.995399792421489904e-01
3.699381443468367365e+02 9.979768960938258937e-01
3.700126254109972024e+02 9.938914827645631833e-01
3.700870904237311265e+02 9.880706564950434423e-01
3.701615393850387932e+02 9.913504998648868805e-01
3.702359722949199750e+02 9.958675532677284670e-01
3.703103891533747856e+02 9.974541467318451815e-01
3.703847899604032250e+02 9.931793747768610237e-01
3.704591747160051796e+02 9.832715355020835712e-01
3.705335434201807630e+02 9.811528809908161008e-01
3.706078960729299752e+02 9.891974472026052734e-01
3.706822326742528162e+02 9.938159293238770786e-01
3.707565532241491724e+02 9.899197495539435732e-01
3.708308577226191574e+02 9.916507515782729820e-01
3.709051461696627712e+02 9.899430588370030648e-01
3.709794185652800138e+02 9.954252179674321077e-01
3.710536749094707716e+02 9.962127059298832021e-01
3.711279152022351582e+02 9.892288680033546333e-01
3.712021394435731736e+02 9.907099593426705875e-01
3.712763476334847610e+02 9.971214735373548077e-01
3.713505397719699204e+02 1.004590777566185089e+00
3.714247158590287654e+02 1.002361670351259004e+00
3.714988758946611824e+02 9.913185011077760844e-01
3.715730198788671714e+02 9.842195031774565450e-01
3.716471478116467324e+02 9.874049719287917304e-01
3.717212596929999791e+02 9.898010604389136935e-01
3.717953555229267977e+02 9.880439279625276017e-01
3.718694353014271883e+02 9.889962965621352797e-01
3.719434990285012077e+02 9.876733582229483277e-01
3.720175467041487423e+02 9.950218211242685129e-01
3.720915783283699625e+02 1.008707822097517637e+00
3.721655939011647547e+02 1.007600705205035085e+00
3.722395934225331757e+02 9.961524342136479637e-01
3.723135768924751687e+02 9.866375748859963490e-01
3.723875443109907906e+02 9.887248177323687548e-01
3.724614956780799275e+02 1.003022242501884209e+00
3.725354309937427502e+02 1.013717766044939239e+00
3.726093502579792016e+02 1.008208457547101533e+00
3.726832534707891682e+02 9.974327539707207313e-01
3.727571406321727636e+02 9.979956064223350909e-01
3.728310117421299879e+02 1.006096383467380173e+00
3.729048668006607841e+02 1.004009706157760862e+00
3.729787058077651523e+02 9.913178978211041326e-01
3.730525287634432061e+02 9.867571975361827397e-01
3.731263356676947751e+02 9.950639302589057156e-01
3.732001265205199729e+02 9.912434724355825288e-01
3.732739013219187427e+02 9.811539858980267148e-01
3.733476600718911982e+02 9.843043256760829474e-01
3.734214027704371688e+02 9.902470946414323461e-01
3.734951294175567682e+02 9.959013486864264353e-01
3.735688400132499396e+02 1.007989135469844699e+00
3.736425345575167967e+02 1.008449047805608068e+00
3.737162130503572257e+02 1.006766503737889007e+00
3.737898754917711699e+02 1.007499933298100059e+00
3.738635218817587429e+02 9.985938702398423628e-01
3.739371522203199447e+02 9.950504288727796132e-01
3.740107665074547754e+02 1.001430762515463702e+00
3.740843647431631780e+02 9.990590988149892215e-01
3.741579469274452094e+02 9.942995923514691414e-01
3.742315130603007560e+02 1.002390798561848317e+00
3.743050631417299883e+02 1.005548823382280244e+00
3.743785971717327357e+02 1.004471959709080098e+00
3.744521151503091687e+02 9.898655911958691433e-01
3.745256170774591737e+02 9.706668090438587138e-01
3.745991029531827508e+02 9.803302268546524312e-01
3.746725727774799566e+02 1.002955336751557347e+00
3.747460265503507912e+02 1.010586124692449461e+00
3.748194642717951979e+02 9.990220432147417506e-01
3.748928859418131765e+02 9.879113951319934417e-01
3.749662915604047271e+02 9.931503350466194258e-01
3.750396811275699633e+02 1.008166741586313364e+00
3.751130546433087716e+02 1.016153520030664170e+00
3.751864121076211518e+02 1.020936346818219320e+00
3.752597535205071608e+02 1.008835511602536261e+00
3.753330788819667418e+02 9.890068170279904258e-01
3.754063881920000085e+02 9.804195237995062540e-01
3.754796814506067335e+02 9.854944389761979284e-01
3.755529586577872010e+02 9.960918429144093311e-01
3.756262198135411268e+02 1.003546133827941444e+00
3.756994649178687951e+02 1.001639702421802003e+00
3.757726939707699216e+02 9.956839472159217941e-01
3.758459069722447907e+02 9.949614416305280207e-01
3.759191039222931749e+02 9.914821348381719357e-01
3.759922848209151880e+02 1.000979260974492968e+00
3.760654496681107162e+02 1.009144308482402330e+00
3.761385984638799869e+02 1.011594057444345829e+00
3.762117312082227727e+02 1.004718869846204177e+00
3.762848479011391873e+02 9.928429250941386286e-01
3.763579485426291740e+02 9.885411672466897226e-01
3.764310331326927326e+02 1.006116960101965718e+00
3.765041016713299769e+02 1.012936472488772832e+00
3.765771541585407363e+02 9.983554583273224203e-01
3.766501905943251813e+02 9.881920289444348082e-01
3.767232109786831415e+02 9.915007992209942111e-01
3.767962153116147874e+02 1.003112332955520491e+00
3.768692035931199484e+02 1.008440538216462290e+00
3.769421758231987951e+02 1.006545653053545708e+00
3.770151320018512138e+02 9.972681217745213988e-01
3.770880721290771476e+02 9.962775779996180248e-01
3.771609962048767102e+02 9.990741177888624591e-01
3.772339042292499585e+02 1.001234586227069734e+00
3.773067962021967787e+02 1.001943025829127309e+00
3.773796721237171710e+02 9.995416142943057691e-01
3.774525319938111920e+02 9.959368014096882105e-01
3.775253758124787282e+02 9.982100592601682587e-01
3.775982035797200069e+02 1.000759778094495456e+00
3.776710152955347439e+02 1.003728208669379729e+00
3.777438109599231666e+02 1.003503850578806533e+00
3.778165905728851612e+02 1.002934481502614883e+00
3.778893541344207847e+02 9.983107866732455760e-01
3.779621016445299233e+02 1.006859235355019200e+00
3.780348331032127476e+02 1.015494537505178263e+00
3.781075485104692007e+02 1.007781777565727177e+00
3.781802478662991689e+02 9.975737906024949586e-01
3.782529311707027091e+02 9.923926508792546564e-01
3.783255984236799918e+02 9.941562192182984425e-01
3.783982496252307897e+02 1.010086983857739096e+00
3.784708847753551595e+02 1.010596725893590619e+00
3.785435038740531581e+02 9.957814303756018504e-01
3.786161069213247856e+02 9.953920780509314392e-01
3.786886939171699851e+02 1.013130594882512669e+00
3.787612648615887565e+02 1.015934416994016765e+00
3.788338197545811568e+02 1.009306572383211531e+00
3.789063585961471290e+02 1.004008371602395977e+00
3.789788813862867869e+02 9.995546284237806223e-01
3.790513881249999599e+02 9.964176271855362810e-01
3.791238788122867618e+02 1.004868940285624568e+00
3.791963534481471925e+02 1.006573037067560294e+00
3.792688120325811951e+02 1.004083287368597199e+00
3.793412545655887129e+02 1.000841205456343364e+00
3.794136810471699732e+02 9.949597848381795950e-01
3.794860914773248055e+02 9.967423134790639461e-01
3.795584858560531529e+02 1.009337839871052189e+00
3.796308641833551860e+02 1.025733807353719440e+00
3.797032264592307342e+02 1.016977519881951952e+00
3.797755726836799681e+02 1.007762184439017439e+00
3.798479028567027740e+02 1.007486769420472328e+00
3.799202169782991518e+02 1.011478259605405272e+00
3.799925150484691585e+02 1.014629686586919100e+00
