# O4 absorption cross section 
#
# 335.147 - 595.957nm at 253K
#
# Collisionally induced absorption spectrum of oxygen attributed to the oxygen dimer (O2)2
# spectra recorded using Cavity Enhanced Differential Optical Absorption Spectroscopy
# (CE-DOAS)
# spectral resolution ∼0.3 nm FWHM
#
# ref: R. Thalman and R. Volkamer, "Temperature dependent absorption cross-sections of 
#      O2–O2 collision pairs between 340 and 630 nm and at atmospherically relevant 
#      pressure", Phys. Chem. Chem. Phys. 15, 15371-15381 (2013); DOI: 10.1039/C3CP50968K
#
# Wavelength (nm), abs cross-section (cm2/molc)
335.147	1.86336e-48
335.196	-2.56716e-48
335.247	5.81444e-48
335.296	2.91091e-48
335.347	-2.17008e-48
335.396	7.86125e-48
335.446	4.82211e-48
335.496	3.5166e-48
335.546	9.51869e-49
335.596	1.51757e-48
335.646	-5.74233e-50
335.696	1.26081e-48
335.746	1.78499e-48
335.795	1.68612e-48
335.846	-5.91655e-48
335.895	-3.49799e-49
335.946	-3.08436e-48
335.995	1.27838e-48
336.045	1.32189e-48
336.095	-3.38147e-49
336.145	9.17511e-49
336.195	8.02934e-49
336.245	-3.2899e-48
336.294	-1.27249e-48
336.345	7.14702e-48
336.394	-2.94227e-48
336.444	-2.6616e-48
336.494	6.92425e-49
336.544	-2.47057e-48
336.594	2.21693e-48
336.644	7.10276e-49
336.693	7.36289e-49
336.744	1.80308e-48
336.793	6.00159e-48
336.842	-9.93487e-49
336.893	-1.40103e-48
336.942	5.61258e-49
336.992	1.01298e-48
337.042	-4.26425e-49
337.092	-1.59709e-48
337.142	-1.47062e-48
337.192	-4.30023e-49
337.241	-3.21827e-49
337.292	-2.61881e-48
337.341	-1.86783e-48
337.391	7.83462e-49
337.441	-3.14647e-48
337.491	-3.03792e-48
337.54	-2.01838e-48
337.591	2.61802e-48
337.64	1.40899e-48
337.69	1.75467e-48
337.74	2.21515e-48
337.79	3.76108e-49
337.839	-2.80066e-49
337.889	3.48398e-48
337.939	1.72485e-48
337.989	6.56857e-49
338.038	2.52688e-48
338.089	1.42928e-48
338.138	1.68378e-48
338.188	1.30008e-48
338.238	1.30449e-48
338.288	1.62514e-48
338.337	5.47325e-48
338.387	1.50045e-48
338.437	3.6829e-48
338.487	7.11791e-49
338.536	3.11508e-48
338.587	3.31429e-48
338.636	2.19729e-48
338.685	5.62715e-48
338.735	6.07483e-48
338.785	7.12677e-48
338.835	4.20485e-48
338.884	7.52327e-48
338.935	5.5925e-48
338.984	5.62366e-48
339.034	8.58568e-48
339.083	8.7409e-48
339.134	8.9545e-48
339.183	8.24351e-48
339.233	9.10427e-48
339.282	7.9942e-48
339.333	7.51573e-48
339.382	8.89551e-48
339.432	1.0928e-47
339.481	1.31332e-47
339.532	1.26831e-47
339.581	1.32216e-47
339.631	1.05408e-47
339.68	1.29579e-47
339.731	1.2645e-47
339.78	1.37143e-47
339.83	1.23455e-47
339.879	1.3738e-47
339.93	1.54258e-47
339.979	1.6708e-47
340.028	1.84212e-47
340.078	1.6921e-47
340.128	1.79952e-47
340.178	1.83573e-47
340.227	1.97779e-47
340.277	1.81864e-47
340.326	1.95442e-47
340.377	2.00306e-47
340.426	2.06804e-47
340.476	2.19173e-47
340.525	2.43966e-47
340.575	2.51936e-47
340.625	2.63948e-47
340.675	2.7987e-47
340.724	2.57003e-47
340.774	2.93126e-47
340.823	3.00303e-47
340.874	2.93168e-47
340.923	3.0598e-47
340.973	3.14732e-47
341.022	3.33389e-47
341.072	3.35298e-47
341.122	3.51656e-47
341.171	3.8911e-47
341.221	3.93575e-47
341.27	4.16664e-47
341.32	4.15293e-47
341.37	4.42458e-47
341.42	4.56353e-47
341.469	4.5346e-47
341.519	4.72468e-47
341.568	4.74879e-47
341.619	5.07467e-47
341.668	5.10177e-47
341.718	5.14366e-47
341.767	5.43808e-47
341.817	5.83198e-47
341.866	5.7667e-47
341.916	6.04959e-47
341.966	6.19691e-47
342.015	6.20452e-47
342.065	6.38486e-47
342.114	6.67477e-47
342.164	6.63688e-47
342.214	6.91094e-47
342.264	6.89135e-47
342.313	7.14735e-47
342.363	7.33597e-47
342.412	7.53991e-47
342.462	7.6031e-47
342.511	7.94113e-47
342.562	8.15616e-47
342.611	8.12508e-47
342.66	8.32021e-47
342.71	8.39748e-47
342.759	8.40486e-47
342.809	8.63995e-47
342.858	8.71121e-47
342.909	8.80386e-47
342.958	8.76373e-47
343.008	9.033e-47
343.057	9.01692e-47
343.107	8.99031e-47
343.156	9.0669e-47
343.206	9.07094e-47
343.256	9.17585e-47
343.305	9.29338e-47
343.355	9.30131e-47
343.404	9.41941e-47
343.454	9.59288e-47
343.503	9.48211e-47
343.553	9.42228e-47
343.602	9.53767e-47
343.653	9.48732e-47
343.702	9.702e-47
343.752	9.8222e-47
343.801	9.54757e-47
343.85	9.81949e-47
343.9	9.80874e-47
343.949	9.67587e-47
343.999	9.64191e-47
344.048	9.51165e-47
344.099	9.43866e-47
344.148	9.42338e-47
344.198	9.32131e-47
344.247	9.01864e-47
344.296	8.89025e-47
344.346	8.66609e-47
344.395	8.43701e-47
344.445	8.24883e-47
344.494	8.05879e-47
344.545	7.62153e-47
344.594	7.32404e-47
344.644	7.21412e-47
344.693	6.90543e-47
344.742	6.58031e-47
344.792	6.16763e-47
344.841	6.10103e-47
344.891	5.72104e-47
344.94	5.45598e-47
344.99	5.05519e-47
345.039	4.96619e-47
345.09	4.69514e-47
345.139	4.39356e-47
345.188	4.16301e-47
345.238	4.0616e-47
345.287	3.62146e-47
345.337	3.40565e-47
345.386	3.37686e-47
345.436	3.02277e-47
345.485	2.88597e-47
345.534	2.64359e-47
345.584	2.49915e-47
345.633	2.47145e-47
345.684	2.24772e-47
345.733	2.11625e-47
345.783	2.03251e-47
345.832	1.96448e-47
345.881	1.69008e-47
345.931	1.52685e-47
345.98	1.55074e-47
346.03	1.34505e-47
346.079	1.35974e-47
346.129	1.22168e-47
346.178	1.07594e-47
346.227	1.0469e-47
346.277	1.03625e-47
346.326	8.39801e-48
346.376	8.42779e-48
346.426	6.62176e-48
346.476	7.17747e-48
346.525	6.65156e-48
346.574	4.90663e-48
346.624	4.94247e-48
346.673	3.52972e-48
346.723	3.12247e-48
346.772	2.99147e-48
346.821	2.75359e-48
346.871	3.10595e-48
346.92	1.62905e-48
346.97	2.21013e-48
347.019	1.43082e-48
347.069	1.33031e-48
347.118	6.25227e-49
347.167	1.52007e-48
347.217	7.50436e-50
347.266	-6.11585e-49
347.316	-6.39032e-49
347.366	-4.05508e-49
347.415	-2.12289e-49
347.465	-1.00205e-48
347.514	-4.03288e-49
347.564	2.89653e-49
347.613	-4.20999e-49
347.662	-3.21711e-50
347.712	-1.01628e-51
347.761	3.79778e-49
347.811	-9.61951e-49
347.86	-9.94682e-49
347.909	-6.77437e-49
347.959	-2.29651e-48
348.008	-5.00863e-49
348.058	-3.97736e-49
348.107	-2.69405e-49
348.156	8.30698e-49
348.206	-6.61417e-49
348.255	-1.40966e-48
348.305	1.34194e-49
348.354	3.05279e-51
348.403	-8.20092e-49
348.453	-3.49681e-49
348.502	-5.61369e-49
348.552	6.79289e-50
348.601	7.90833e-49
348.65	1.13613e-48
348.701	4.90134e-49
348.75	-1.2577e-49
348.799	-1.44297e-49
348.849	8.388e-49
348.898	-1.47537e-49
348.948	-4.38212e-50
348.997	1.30919e-48
349.046	7.76761e-50
349.096	1.5505e-48
349.145	1.33639e-48
349.195	6.85302e-49
349.244	7.53539e-49
349.293	1.38195e-48
349.343	1.94208e-48
349.392	1.89423e-48
349.441	2.18852e-48
349.491	2.89488e-48
349.54	2.44434e-48
349.59	1.63432e-48
349.639	1.57413e-48
349.688	2.15382e-48
349.738	1.98964e-48
349.787	2.42647e-48
349.836	2.99369e-48
349.886	1.826e-48
349.935	3.15054e-48
349.985	3.91802e-48
350.034	3.96676e-48
350.083	3.53948e-48
350.133	3.67756e-48
350.182	3.54817e-48
350.231	4.07172e-48
350.281	4.66501e-48
350.33	4.74978e-48
350.379	4.83722e-48
350.429	5.88634e-48
350.478	5.36418e-48
350.527	6.29589e-48
350.577	6.77051e-48
350.626	6.40673e-48
350.676	6.09323e-48
350.725	6.62342e-48
350.774	6.98765e-48
350.824	6.81716e-48
350.873	6.83158e-48
350.922	7.47913e-48
350.972	7.21974e-48
351.021	7.98261e-48
351.07	9.3108e-48
351.12	8.8406e-48
351.169	8.27239e-48
351.218	8.99093e-48
351.268	8.97788e-48
351.317	8.87117e-48
351.366	1.02e-47
351.416	9.51622e-48
351.465	9.48592e-48
351.514	1.01217e-47
351.564	1.06953e-47
351.613	1.09943e-47
351.662	1.07247e-47
351.712	1.11516e-47
351.761	1.18122e-47
351.81	1.22286e-47
351.86	1.21653e-47
351.909	1.28681e-47
351.958	1.32651e-47
352.008	1.35928e-47
352.057	1.36763e-47
352.106	1.42848e-47
352.156	1.39303e-47
352.205	1.4864e-47
352.254	1.51153e-47
352.304	1.51968e-47
352.353	1.56981e-47
352.402	1.66875e-47
352.452	1.61971e-47
352.501	1.6658e-47
352.55	1.65015e-47
352.599	1.69762e-47
352.649	1.78664e-47
352.698	1.73948e-47
352.747	1.881e-47
352.797	1.86532e-47
352.846	1.89342e-47
352.895	1.9453e-47
352.945	1.97909e-47
352.994	1.99491e-47
353.043	2.09899e-47
353.093	2.09233e-47
353.142	2.12502e-47
353.191	2.23643e-47
353.24	2.22158e-47
353.29	2.32176e-47
353.339	2.35788e-47
353.388	2.43374e-47
353.438	2.38951e-47
353.487	2.53497e-47
353.536	2.53997e-47
353.586	2.60995e-47
353.635	2.64878e-47
353.684	2.77043e-47
353.733	2.77852e-47
353.783	2.81109e-47
353.832	2.85949e-47
353.881	2.95822e-47
353.931	3.04018e-47
353.98	3.10192e-47
354.029	3.17849e-47
354.078	3.23398e-47
354.128	3.34871e-47
354.177	3.37332e-47
354.226	3.36108e-47
354.275	3.47753e-47
354.325	3.56573e-47
354.374	3.62922e-47
354.423	3.59746e-47
354.473	3.79155e-47
354.522	3.80772e-47
354.571	3.93999e-47
354.62	3.99667e-47
354.67	4.12307e-47
354.719	4.17046e-47
354.768	4.27293e-47
354.817	4.42028e-47
354.867	4.39281e-47
354.916	4.473e-47
354.965	4.60346e-47
355.014	4.71177e-47
355.064	4.74724e-47
355.113	4.86751e-47
355.162	4.97257e-47
355.211	5.11537e-47
355.261	5.15494e-47
355.31	5.32273e-47
355.359	5.42015e-47
355.408	5.53508e-47
355.458	5.59328e-47
355.507	5.79138e-47
355.556	5.93256e-47
355.605	6.09264e-47
355.655	6.17169e-47
355.704	6.1753e-47
355.753	6.41412e-47
355.802	6.59787e-47
355.852	6.64973e-47
355.901	6.88208e-47
355.95	6.98605e-47
355.999	7.14749e-47
356.049	7.33851e-47
356.098	7.60342e-47
356.147	7.73276e-47
356.196	7.88062e-47
356.245	8.09912e-47
356.295	8.27302e-47
356.344	8.41643e-47
356.393	8.67154e-47
356.442	8.80196e-47
356.492	9.06146e-47
356.541	9.33211e-47
356.59	9.5263e-47
356.639	9.70014e-47
356.688	9.93203e-47
356.738	1.02138e-46
356.787	1.04867e-46
356.836	1.07276e-46
356.885	1.09224e-46
356.934	1.12536e-46
356.984	1.15694e-46
357.033	1.18572e-46
357.082	1.21601e-46
357.131	1.2439e-46
357.18	1.27534e-46
357.23	1.31155e-46
357.279	1.34306e-46
357.328	1.37684e-46
357.377	1.4096e-46
357.426	1.45155e-46
357.476	1.4827e-46
357.525	1.51774e-46
357.575	1.55999e-46
357.624	1.59673e-46
357.673	1.6363e-46
357.723	1.67747e-46
357.772	1.71904e-46
357.821	1.768e-46
357.87	1.8088e-46
357.919	1.85165e-46
357.968	1.90464e-46
358.018	1.95174e-46
358.067	2.00251e-46
358.116	2.04889e-46
358.165	2.0974e-46
358.214	2.15112e-46
358.263	2.20183e-46
358.313	2.25897e-46
358.362	2.30662e-46
358.411	2.35861e-46
358.46	2.41681e-46
358.509	2.47839e-46
358.558	2.52684e-46
358.608	2.58526e-46
358.657	2.6496e-46
358.706	2.70529e-46
358.755	2.76308e-46
358.804	2.8246e-46
358.853	2.88189e-46
358.903	2.94585e-46
358.952	3.00545e-46
359.001	3.06528e-46
359.05	3.13195e-46
359.099	3.19089e-46
359.148	3.25026e-46
359.197	3.30905e-46
359.247	3.37886e-46
359.296	3.43706e-46
359.345	3.49919e-46
359.394	3.5566e-46
359.443	3.6134e-46
359.492	3.67208e-46
359.541	3.72336e-46
359.59	3.77716e-46
359.64	3.83726e-46
359.689	3.88187e-46
359.738	3.93458e-46
359.787	3.96843e-46
359.836	4.02132e-46
359.885	4.06417e-46
359.934	4.10643e-46
359.983	4.13727e-46
360.033	4.17192e-46
360.082	4.20853e-46
360.131	4.24243e-46
360.181	4.26347e-46
360.23	4.30051e-46
360.279	4.32192e-46
360.328	4.34692e-46
360.377	4.37387e-46
360.426	4.39403e-46
360.476	4.41778e-46
360.525	4.43078e-46
360.574	4.45235e-46
360.623	4.47647e-46
360.672	4.49172e-46
360.721	4.5221e-46
360.77	4.54188e-46
360.819	4.55613e-46
360.868	4.57034e-46
360.917	4.58257e-46
360.966	4.58387e-46
361.016	4.58607e-46
361.065	4.58031e-46
361.114	4.54862e-46
361.163	4.51305e-46
361.212	4.48098e-46
361.261	4.42326e-46
361.31	4.36799e-46
361.359	4.29688e-46
361.408	4.23015e-46
361.458	4.1523e-46
361.507	4.071e-46
361.556	3.98594e-46
361.605	3.88645e-46
361.654	3.78978e-46
361.703	3.6921e-46
361.753	3.58499e-46
361.802	3.47908e-46
361.851	3.3673e-46
361.9	3.24789e-46
361.949	3.1399e-46
361.998	3.02935e-46
362.047	2.91275e-46
362.096	2.80317e-46
362.145	2.69144e-46
362.194	2.5874e-46
362.243	2.48368e-46
362.292	2.37745e-46
362.341	2.28365e-46
362.39	2.18182e-46
362.44	2.08427e-46
362.489	1.99504e-46
362.538	1.90574e-46
362.587	1.81882e-46
362.636	1.74442e-46
362.685	1.66292e-46
362.734	1.58551e-46
362.783	1.51705e-46
362.832	1.44724e-46
362.881	1.38237e-46
362.93	1.3114e-46
362.979	1.25426e-46
363.028	1.19423e-46
363.077	1.14072e-46
363.126	1.08188e-46
363.175	1.02761e-46
363.225	9.83097e-47
363.274	9.38055e-47
363.323	8.92832e-47
363.372	8.50605e-47
363.421	8.16986e-47
363.47	7.68017e-47
363.519	7.33661e-47
363.568	7.00486e-47
363.617	6.63813e-47
363.666	6.33308e-47
363.715	6.01278e-47
363.764	5.74126e-47
363.813	5.45208e-47
363.862	5.14357e-47
363.912	4.95304e-47
363.961	4.66249e-47
364.01	4.41535e-47
364.059	4.24962e-47
364.108	3.98212e-47
364.157	3.83121e-47
364.206	3.60286e-47
364.255	3.39664e-47
364.304	3.20427e-47
364.353	3.05168e-47
364.402	2.87638e-47
364.451	2.75105e-47
364.501	2.51818e-47
364.55	2.45253e-47
364.599	2.27337e-47
364.648	2.21379e-47
364.697	2.10712e-47
364.746	1.95573e-47
364.795	1.83215e-47
364.844	1.73185e-47
364.893	1.631e-47
364.942	1.56569e-47
364.99	1.42258e-47
365.04	1.34993e-47
365.089	1.30966e-47
365.138	1.20761e-47
365.187	1.15307e-47
365.236	1.06905e-47
365.285	1.01118e-47
365.334	9.27815e-48
365.383	8.69031e-48
365.432	7.71114e-48
365.481	8.04859e-48
365.531	7.16363e-48
365.58	6.99141e-48
365.629	6.24381e-48
365.677	6.12286e-48
365.726	5.14717e-48
365.775	5.18071e-48
365.824	4.75223e-48
365.873	4.79766e-48
365.922	4.5357e-48
365.972	4.00844e-48
366.021	3.53029e-48
366.07	3.34417e-48
366.119	3.50591e-48
366.167	2.89853e-48
366.216	2.67099e-48
366.265	2.73693e-48
366.314	2.93513e-48
366.363	2.61337e-48
366.413	2.33951e-48
366.462	1.92827e-48
366.511	2.31869e-48
366.56	1.85486e-48
366.608	1.45932e-48
366.657	1.64195e-48
366.706	1.12962e-48
366.755	1.09134e-48
366.805	8.12895e-49
366.854	1.10977e-48
366.903	7.09237e-49
366.951	1.11086e-48
367	9.22783e-49
367.049	6.35628e-49
367.098	6.29781e-49
367.147	7.51236e-49
367.197	3.67367e-49
367.246	-1.3305e-50
367.294	6.01784e-49
367.343	4.22508e-49
367.392	3.85333e-49
367.441	-2.06272e-49
367.49	3.40108e-49
367.54	1.49172e-49
367.588	1.69548e-49
367.637	2.1811e-49
367.686	-2.65424e-50
367.735	-4.94569e-49
367.784	2.14931e-49
367.833	-4.55628e-50
367.882	-3.30513e-49
367.931	-2.05046e-49
367.98	1.80056e-49
368.029	2.51566e-49
368.078	-2.61014e-50
368.126	3.04285e-49
368.175	-2.18441e-50
368.225	4.31542e-50
368.274	-1.40579e-49
368.323	-2.84489e-49
368.372	9.27165e-50
368.42	-1.76366e-49
368.469	-6.17139e-49
368.518	2.48477e-49
368.568	9.05455e-51
368.616	-1.97952e-49
368.665	-1.32013e-49
368.714	-2.11254e-49
368.763	1.43006e-49
368.812	1.55516e-49
368.861	1.37007e-49
368.91	5.63786e-49
368.959	1.6506e-49
369.008	7.4499e-50
369.057	1.1464e-49
369.105	1.13612e-49
369.155	6.83289e-50
369.204	4.09631e-50
369.253	4.07981e-49
369.301	9.75125e-50
369.35	-3.07061e-49
369.399	9.23747e-50
369.449	1.52647e-49
369.497	-2.78665e-49
369.546	3.51562e-49
369.595	2.96043e-49
369.644	-4.91148e-49
369.693	-1.67699e-49
369.742	-7.73981e-50
369.791	-1.83121e-49
369.84	4.88366e-50
369.888	-4.41013e-49
369.937	-2.44092e-49
369.987	-5.10146e-49
370.035	-2.70961e-49
370.084	-1.27483e-49
370.133	1.07739e-49
370.182	5.05615e-50
370.231	-2.69063e-49
370.28	4.0958e-49
370.329	-1.07092e-49
370.377	-2.9627e-50
370.426	2.5703e-49
370.476	-1.28907e-49
370.525	-1.94803e-50
370.573	3.01618e-49
370.622	3.46338e-50
370.671	-7.46323e-50
370.72	-6.2868e-49
370.769	6.84154e-50
370.818	-6.12134e-50
370.866	-2.64565e-49
370.915	-3.57985e-49
370.965	-1.84281e-49
371.014	2.30606e-50
371.062	-3.46755e-49
371.111	-3.79124e-49
371.16	-4.5308e-49
371.209	-7.27298e-49
371.258	-2.77436e-49
371.307	-3.1926e-49
371.355	-5.13045e-49
371.404	-4.90416e-49
371.454	2.19091e-49
371.502	2.81347e-50
371.551	-3.31409e-49
371.6	-1.89776e-49
371.648	1.1714e-49
371.698	-7.7914e-50
371.746	-2.20251e-49
371.795	2.72685e-49
371.844	1.68621e-49
371.893	1.99198e-49
371.942	3.4177e-50
371.991	5.87431e-49
372.039	5.48925e-49
372.088	5.53895e-49
372.138	4.18766e-49
372.186	3.4845e-49
372.235	4.31599e-49
372.283	-3.83098e-50
372.333	1.169e-49
372.382	5.17954e-49
372.43	4.56332e-49
372.479	6.15477e-49
372.529	5.1488e-49
372.577	5.75486e-49
372.626	9.74773e-50
372.674	-8.91843e-51
372.724	4.32956e-49
372.773	3.46826e-49
372.821	1.22076e-49
372.87	5.0385e-49
372.919	3.8039e-49
372.968	5.36716e-49
373.016	2.58127e-49
373.065	7.33122e-49
373.115	6.22766e-49
373.163	7.16759e-49
373.212	1.28176e-48
373.26	1.32489e-48
373.31	1.44066e-48
373.358	1.35119e-48
373.407	1.46063e-48
373.456	1.34209e-48
373.505	1.63226e-48
373.554	1.61921e-48
373.602	2.10352e-48
373.651	2.00845e-48
373.7	1.68087e-48
373.749	1.92802e-48
373.797	2.00401e-48
373.846	1.878e-48
373.896	2.28333e-48
373.944	2.06336e-48
373.993	2.44371e-48
374.041	2.67871e-48
374.091	2.2894e-48
374.139	2.58878e-48
374.188	2.61576e-48
374.237	2.99785e-48
374.286	3.01558e-48
374.334	2.93431e-48
374.383	3.05667e-48
374.432	3.07384e-48
374.481	3.1764e-48
374.529	3.58898e-48
374.578	3.25434e-48
374.627	4.06697e-48
374.676	4.08959e-48
374.724	4.24062e-48
374.774	4.93442e-48
374.822	5.16927e-48
374.871	4.93627e-48
374.919	5.06883e-48
374.969	5.14084e-48
375.017	5.60592e-48
375.066	6.16765e-48
375.115	6.41709e-48
375.164	7.04852e-48
375.212	7.23978e-48
375.262	7.17842e-48
375.31	8.52771e-48
375.359	8.43097e-48
375.407	8.96482e-48
375.457	8.91498e-48
375.505	1.02233e-47
375.553	1.04974e-47
375.603	1.07927e-47
375.651	1.1068e-47
375.7	1.19314e-47
375.749	1.28805e-47
375.798	1.36467e-47
375.846	1.37766e-47
375.895	1.46019e-47
375.944	1.48339e-47
375.992	1.62078e-47
376.041	1.67512e-47
376.09	1.73922e-47
376.139	1.8631e-47
376.187	1.89698e-47
376.237	2.01215e-47
376.285	2.13426e-47
376.333	2.23022e-47
376.383	2.33513e-47
376.431	2.47281e-47
376.48	2.58542e-47
376.529	2.71703e-47
376.577	2.81022e-47
376.626	2.99207e-47
376.675	3.09487e-47
376.724	3.25598e-47
376.772	3.35588e-47
376.82	3.56024e-47
376.87	3.68621e-47
376.918	3.83141e-47
376.966	4.09909e-47
377.016	4.27673e-47
377.064	4.41403e-47
377.113	4.5974e-47
377.162	4.79743e-47
377.21	5.04374e-47
377.259	5.27207e-47
377.308	5.52092e-47
377.356	5.77666e-47
377.406	6.01687e-47
377.454	6.2669e-47
377.502	6.59022e-47
377.552	6.76835e-47
377.6	7.11043e-47
377.648	7.35392e-47
377.698	7.69079e-47
377.746	8.0242e-47
377.794	8.35432e-47
377.844	8.68509e-47
377.892	9.09433e-47
377.94	9.38216e-47
377.99	9.76064e-47
378.038	1.01126e-46
378.086	1.0545e-46
378.136	1.09068e-46
378.184	1.13102e-46
378.232	1.16977e-46
378.282	1.2161e-46
378.33	1.25925e-46
378.379	1.30811e-46
378.427	1.35176e-46
378.476	1.39261e-46
378.525	1.44146e-46
378.573	1.4914e-46
378.622	1.543e-46
378.671	1.58681e-46
378.719	1.63352e-46
378.767	1.68153e-46
378.817	1.72612e-46
378.865	1.77282e-46
378.914	1.81822e-46
378.963	1.86046e-46
379.011	1.91349e-46
379.06	1.96119e-46
379.108	2.00158e-46
379.157	2.04363e-46
379.206	2.08706e-46
379.254	2.12696e-46
379.303	2.16567e-46
379.352	2.20274e-46
379.4	2.24782e-46
379.449	2.28427e-46
379.497	2.3163e-46
379.546	2.34043e-46
379.595	2.37065e-46
379.643	2.40283e-46
379.692	2.42723e-46
379.74	2.46101e-46
379.789	2.48658e-46
379.838	2.51956e-46
379.886	2.54087e-46
379.935	2.55883e-46
379.983	2.58044e-46
380.032	2.60579e-46
380.081	2.62617e-46
380.129	2.64208e-46
380.178	2.66241e-46
380.226	2.67193e-46
380.275	2.68211e-46
380.324	2.6812e-46
380.372	2.67883e-46
380.421	2.67471e-46
380.469	2.66024e-46
380.517	2.64783e-46
380.567	2.63243e-46
380.615	2.6104e-46
380.664	2.59262e-46
380.712	2.574e-46
380.76	2.55369e-46
380.809	2.53758e-46
380.858	2.51081e-46
380.907	2.48435e-46
380.955	2.45765e-46
381.004	2.42708e-46
381.052	2.39236e-46
381.1	2.35358e-46
381.149	2.31475e-46
381.198	2.26975e-46
381.247	2.22924e-46
381.295	2.18864e-46
381.343	2.14393e-46
381.392	2.09404e-46
381.44	2.04227e-46
381.489	1.99623e-46
381.537	1.9463e-46
381.586	1.88604e-46
381.635	1.83044e-46
381.683	1.79252e-46
381.732	1.7368e-46
381.78	1.69487e-46
381.829	1.64522e-46
381.877	1.58279e-46
381.926	1.54405e-46
381.974	1.49451e-46
382.023	1.45052e-46
382.071	1.40578e-46
382.119	1.34359e-46
382.169	1.30141e-46
382.217	1.25993e-46
382.266	1.20856e-46
382.314	1.16413e-46
382.363	1.12007e-46
382.411	1.08754e-46
382.459	1.04022e-46
382.508	9.99646e-47
382.556	9.66291e-47
382.605	9.15746e-47
382.653	8.87505e-47
382.702	8.36051e-47
382.75	8.11286e-47
382.799	7.72111e-47
382.847	7.56564e-47
382.896	7.11432e-47
382.944	6.7264e-47
382.992	6.49619e-47
383.041	6.19361e-47
383.089	5.92148e-47
383.138	5.68109e-47
383.186	5.38607e-47
383.235	5.04031e-47
383.283	4.97162e-47
383.332	4.66303e-47
383.38	4.4534e-47
383.429	4.20282e-47
383.477	4.05218e-47
383.526	3.84348e-47
383.574	3.60796e-47
383.622	3.44312e-47
383.671	3.22422e-47
383.719	3.1276e-47
383.768	2.94806e-47
383.816	2.762e-47
383.865	2.59772e-47
383.913	2.48174e-47
383.962	2.35602e-47
384.01	2.28338e-47
384.059	1.98942e-47
384.107	2.02016e-47
384.156	1.89076e-47
384.204	1.75909e-47
384.253	1.54513e-47
384.301	1.53206e-47
384.349	1.43077e-47
384.397	1.42827e-47
384.446	1.25956e-47
384.494	1.22476e-47
384.542	1.18091e-47
384.591	1.08134e-47
384.639	1.04371e-47
384.688	9.38686e-48
384.736	9.52062e-48
384.785	7.68054e-48
384.833	9.22266e-48
384.881	8.22639e-48
384.929	6.99201e-48
384.978	5.58225e-48
385.026	5.57629e-48
385.075	3.56048e-48
385.123	3.03264e-48
385.172	3.66386e-48
385.22	4.65515e-48
385.269	4.12991e-48
385.316	2.21253e-48
385.365	3.75443e-48
385.413	2.73185e-48
385.462	1.73562e-48
385.51	3.67112e-48
385.559	2.99323e-48
385.606	2.30678e-48
385.655	2.01654e-48
385.703	1.71732e-48
385.752	1.68096e-48
385.8	2.51265e-48
385.849	1.17292e-48
385.896	1.00044e-48
385.945	-4.22539e-49
385.993	-8.48407e-49
386.042	-3.46478e-49
386.09	1.81808e-48
386.139	1.48027e-48
386.186	-4.85711e-50
386.235	3.26498e-49
386.283	-1.86724e-49
386.332	5.35914e-49
386.38	-8.43096e-49
386.428	-9.68809e-49
386.477	8.6492e-49
386.525	-1.16886e-48
386.574	-1.27792e-48
386.621	9.78997e-49
386.67	3.27078e-49
386.718	-2.56212e-48
386.767	-1.74459e-48
386.815	1.32747e-48
386.863	-7.53263e-49
386.911	-1.09456e-50
386.96	-7.38481e-50
387.008	-2.00898e-48
387.056	-1.25909e-49
387.104	-1.20633e-48
387.153	-1.0659e-48
387.201	1.04467e-48
387.249	3.2553e-49
387.297	-6.75184e-49
387.346	6.23754e-49
387.393	1.35968e-48
387.442	1.57516e-48
387.491	6.3332e-49
387.539	-2.8437e-49
387.587	7.27253e-49
387.635	-2.66063e-49
387.684	2.53391e-48
387.731	-1.33084e-48
387.78	-5.97994e-49
387.828	4.85457e-49
387.876	1.03947e-49
387.924	1.57248e-48
387.973	-1.04172e-48
388.02	-1.04345e-48
388.069	-2.00239e-48
388.118	1.37462e-48
388.166	3.46905e-48
388.214	1.07446e-48
388.262	-3.84762e-48
388.31	6.84327e-50
388.358	9.92506e-49
388.407	-4.93598e-49
388.454	-6.26124e-49
388.503	-4.73908e-50
388.551	3.89199e-48
388.599	7.80698e-49
388.648	-1.4135e-48
388.696	3.00721e-49
388.744	1.82136e-49
388.792	1.29308e-49
388.84	-1.0885e-48
388.888	-3.03742e-48
388.937	1.36899e-48
388.984	1.1649e-48
389.033	-5.47781e-48
389.082	-2.44022e-48
389.129	1.99139e-48
389.178	-1.0567e-48
389.225	1.51513e-48
389.274	8.6586e-49
389.321	9.23274e-50
389.37	-1.33263e-48
389.418	4.15209e-48

433.564	-1.58125e-50
433.613	1.88875e-49
433.661	2.4075e-49
433.709	3.10557e-50
433.757	-1.24381e-49
433.805	-8.22338e-51
433.853	-1.04159e-50
433.901	5.87939e-50
433.95	2.87776e-50
433.998	2.05519e-49
434.046	3.27546e-49
434.094	9.568e-50
434.142	3.7268e-50
434.19	1.32184e-49
434.238	1.51344e-49
434.287	1.76248e-49
434.335	1.58965e-49
434.384	1.81454e-49
434.432	2.1035e-49
434.48	2.15909e-49
434.528	1.7531e-49
434.576	1.12502e-49
434.624	7.72813e-50
434.673	1.4326e-49
434.721	1.63967e-49
434.769	2.2398e-49
434.817	3.02379e-49
434.865	3.11672e-49
434.913	3.2488e-49
434.961	1.49334e-49
435.009	3.54155e-49
435.057	3.3285e-49
435.106	3.3973e-49
435.154	3.03398e-49
435.202	4.69592e-49
435.25	4.38188e-49
435.298	4.76541e-49
435.346	3.9749e-49
435.394	5.04186e-49
435.442	5.24092e-49
435.49	4.34208e-49
435.538	4.07755e-49
435.587	4.89592e-49
435.635	4.65609e-49
435.684	5.13634e-49
435.732	5.74912e-49
435.78	7.28544e-49
435.828	6.26152e-49
435.876	5.36363e-49
435.924	6.37517e-49
435.972	6.68634e-49
436.02	6.91694e-49
436.068	6.47091e-49
436.116	6.53905e-49
436.165	6.46297e-49
436.213	6.9902e-49
436.261	6.25321e-49
436.309	6.74888e-49
436.357	7.77102e-49
436.405	8.4085e-49
436.453	8.19207e-49
436.501	8.56565e-49
436.549	8.13054e-49
436.597	8.0298e-49
436.645	8.5256e-49
436.693	8.6229e-49
436.741	8.71805e-49
436.789	1.02592e-48
436.839	8.50548e-49
436.887	8.45657e-49
436.935	8.13766e-49
436.983	8.03729e-49
437.031	8.00498e-49
437.079	7.91317e-49
437.127	8.25312e-49
437.175	9.29405e-49
437.223	8.82039e-49
437.271	9.60413e-49
437.319	9.98187e-49
437.367	1.08041e-48
437.415	1.08089e-48
437.463	1.06533e-48
437.511	1.04388e-48
437.559	1.0719e-48
437.607	1.04148e-48
437.655	1.18325e-48
437.703	1.15597e-48
437.751	1.15015e-48
437.799	1.23378e-48
437.847	1.28436e-48
437.895	1.24014e-48
437.944	1.38172e-48
437.992	1.45942e-48
438.041	1.44883e-48
438.089	1.42108e-48
438.137	1.4633e-48
438.185	1.5623e-48
438.233	1.68041e-48
438.281	1.69683e-48
438.329	1.64048e-48
438.377	1.6844e-48
438.425	1.62999e-48
438.473	1.78358e-48
438.521	1.85684e-48
438.569	1.80876e-48
438.617	1.95507e-48
438.665	2.02948e-48
438.713	2.04286e-48
438.761	2.044e-48
438.809	2.06211e-48
438.857	2.13881e-48
438.905	2.09789e-48
438.953	2.05877e-48
439.002	2.2297e-48
439.05	2.29906e-48
439.098	2.38899e-48
439.146	2.46251e-48
439.194	2.37897e-48
439.242	2.3404e-48
439.29	2.5842e-48
439.338	2.63843e-48
439.386	2.62864e-48
439.434	2.7883e-48
439.482	2.7365e-48
439.53	2.94626e-48
439.578	2.93822e-48
439.626	3.10766e-48
439.674	3.18044e-48
439.721	3.19079e-48
439.769	3.23832e-48
439.817	3.45207e-48
439.865	3.53833e-48
439.913	3.57101e-48
439.961	3.65637e-48
440.01	3.79315e-48
440.058	3.90405e-48
440.106	3.91135e-48
440.154	4.12818e-48
440.202	4.23594e-48
440.25	4.21662e-48
440.298	4.45356e-48
440.346	4.48344e-48
440.394	4.64164e-48
440.442	4.8535e-48
440.49	4.79254e-48
440.538	4.98715e-48
440.586	5.14985e-48
440.634	5.20404e-48
440.682	5.53135e-48
440.73	5.60942e-48
440.778	5.61725e-48
440.826	5.72969e-48
440.874	5.87484e-48
440.921	5.94386e-48
440.97	6.08877e-48
441.018	6.33399e-48
441.066	6.46588e-48
441.114	6.62573e-48
441.162	6.89333e-48
441.21	7.06966e-48
441.258	7.21547e-48
441.306	7.37286e-48
441.354	7.48124e-48
441.402	7.73969e-48
441.45	7.9626e-48
441.498	8.10421e-48
441.546	8.24744e-48
441.594	8.45349e-48
441.641	8.67256e-48
441.689	8.85033e-48
441.737	9.03561e-48
441.785	9.23768e-48
441.833	9.43979e-48
441.881	9.61837e-48
441.93	9.95066e-48
441.978	1.01258e-47
442.026	1.02724e-47
442.074	1.05448e-47
442.122	1.07403e-47
442.169	1.1017e-47
442.217	1.12547e-47
442.265	1.14629e-47
442.313	1.17567e-47
442.361	1.20146e-47
442.409	1.22816e-47
442.457	1.24835e-47
442.505	1.27143e-47
442.553	1.30221e-47
442.601	1.33675e-47
442.648	1.35609e-47
442.696	1.38484e-47
442.744	1.41233e-47
442.792	1.45076e-47
442.84	1.46674e-47
442.889	1.49428e-47
442.937	1.5208e-47
442.985	1.5535e-47
443.033	1.58272e-47
443.08	1.61056e-47
443.128	1.63703e-47
443.176	1.68102e-47
443.224	1.70645e-47
443.272	1.72782e-47
443.32	1.76686e-47
443.368	1.8013e-47
443.416	1.82467e-47
443.463	1.85534e-47
443.511	1.88602e-47
443.559	1.92162e-47
443.607	1.943e-47
443.655	1.98224e-47
443.703	2.01181e-47
443.751	2.04541e-47
443.799	2.07631e-47
443.847	2.11076e-47
443.895	2.1435e-47
443.943	2.18535e-47
443.991	2.21496e-47
444.039	2.26291e-47
444.087	2.29935e-47
444.135	2.32266e-47
444.182	2.37121e-47
444.23	2.40278e-47
444.278	2.44123e-47
444.326	2.48363e-47
444.374	2.5341e-47
444.422	2.57788e-47
444.469	2.61086e-47
444.517	2.659e-47
444.565	2.70457e-47
444.613	2.74368e-47
444.661	2.79678e-47
444.709	2.84177e-47
444.757	2.88987e-47
444.805	2.96183e-47
444.853	3.01932e-47
444.901	3.06803e-47
444.949	3.1176e-47
444.997	3.18404e-47
445.044	3.24817e-47
445.092	3.30554e-47
445.14	3.37481e-47
445.188	3.44743e-47
445.236	3.51971e-47
445.284	3.59469e-47
445.331	3.67497e-47
445.379	3.75686e-47
445.427	3.83291e-47
445.475	3.92895e-47
445.523	4.01102e-47
445.57	4.09605e-47
445.618	4.19821e-47
445.666	4.2868e-47
445.715	4.38109e-47
445.763	4.48128e-47
445.81	4.56668e-47
445.858	4.65209e-47
445.906	4.74943e-47
445.954	4.83512e-47
446.002	4.91342e-47
446.049	4.98613e-47
446.097	5.0591e-47
446.145	5.10832e-47
446.193	5.16583e-47
446.241	5.21671e-47
446.288	5.24845e-47
446.336	5.27334e-47
446.384	5.3006e-47
446.432	5.30693e-47
446.48	5.30654e-47
446.527	5.31109e-47
446.575	5.29519e-47
446.623	5.27055e-47
446.672	5.26496e-47
446.719	5.23742e-47
446.767	5.20609e-47
446.815	5.16186e-47
446.863	5.11981e-47
446.911	5.0842e-47
446.958	5.02817e-47
447.006	4.96968e-47
447.054	4.9172e-47
447.102	4.85956e-47
447.149	4.79524e-47
447.197	4.73289e-47
447.245	4.66233e-47
447.293	4.59154e-47
447.34	4.5221e-47
447.388	4.44788e-47
447.436	4.36411e-47
447.484	4.28537e-47
447.531	4.20877e-47
447.579	4.12381e-47
447.627	4.04441e-47
447.676	3.95966e-47
447.723	3.87345e-47
447.771	3.78761e-47
447.819	3.71219e-47
447.867	3.62799e-47
447.914	3.5494e-47
447.962	3.4666e-47
448.01	3.37824e-47
448.058	3.2983e-47
448.105	3.21577e-47
448.153	3.14118e-47
448.201	3.06193e-47
448.249	2.97675e-47
448.296	2.8994e-47
448.344	2.82636e-47
448.392	2.74335e-47
448.44	2.67112e-47
448.487	2.59413e-47
448.535	2.51648e-47
448.583	2.44045e-47
448.63	2.36655e-47
448.679	2.30301e-47
448.727	2.22759e-47
448.775	2.16326e-47
448.822	2.09802e-47
448.87	2.03146e-47
448.918	1.9596e-47
448.965	1.90235e-47
449.013	1.84373e-47
449.061	1.77781e-47
449.109	1.71994e-47
449.156	1.6625e-47
449.204	1.61122e-47
449.252	1.55446e-47
449.299	1.50871e-47
449.347	1.45214e-47
449.395	1.40609e-47
449.443	1.35992e-47
449.49	1.30275e-47
449.538	1.26011e-47
449.586	1.20788e-47
449.633	1.15881e-47
449.681	1.11579e-47
449.73	1.06572e-47
449.777	1.02523e-47
449.825	9.90562e-48
449.873	9.50884e-48
449.92	9.16459e-48
449.968	8.74131e-48
450.016	8.45857e-48
450.064	8.14938e-48
450.111	7.7618e-48
450.159	7.40506e-48
450.207	7.04943e-48
450.254	6.78245e-48
450.302	6.49403e-48
450.35	6.15505e-48
450.397	5.91901e-48
450.445	5.63544e-48
450.493	5.39145e-48
450.54	5.09098e-48
450.588	4.83768e-48
450.636	4.50962e-48
450.683	4.29575e-48
450.731	4.02839e-48
450.78	3.9079e-48
450.827	3.65084e-48
450.875	3.44616e-48
450.923	3.26037e-48
450.97	3.05379e-48
451.018	2.91798e-48
451.066	2.76997e-48
451.113	2.46149e-48
451.161	2.40597e-48
451.208	2.25222e-48
451.256	2.11512e-48
451.304	1.90901e-48
451.351	1.77481e-48
451.399	1.67225e-48
451.447	1.49623e-48
451.494	1.35039e-48
451.542	1.30434e-48
451.59	1.15105e-48
451.637	1.0178e-48
451.685	1.00566e-48
451.733	8.4983e-49
451.78	7.72963e-49
451.828	6.75297e-49
451.875	6.03587e-49
451.924	4.77143e-49
451.972	4.1823e-49
452.019	3.69447e-49
452.067	2.75345e-49
452.115	1.95146e-49
452.162	1.05792e-49
452.21	2.46271e-50
452.257	1.28133e-50
452.305	1.25525e-50
452.353	7.03006e-51
452.4	-3.76504e-50
452.448	-7.74261e-50
452.496	-1.81605e-49
452.543	-2.00406e-49
452.591	-1.59865e-49
452.638	-2.79896e-49
452.686	-2.41325e-49
452.734	-2.44797e-49
452.781	-2.89575e-49
452.829	-2.83769e-49
452.876	-3.09122e-49
452.924	-2.99991e-49
452.972	-3.73828e-49
453.019	-3.92195e-49
453.067	-3.70753e-49
453.114	-3.48115e-49
453.163	-3.45633e-49
453.211	-3.43339e-49
453.258	-4.17032e-49
453.306	-5.35112e-49
453.353	-4.62944e-49
453.401	-4.50116e-49
453.448	-3.81636e-49
453.496	-4.00754e-49
453.544	-4.88354e-49
453.591	-4.2823e-49
453.639	-3.7417e-49
453.689	-8.70823e-49
453.737	-5.05628e-50
453.785	-8.4221e-49
453.833	-5.01229e-49
453.881	-1.68825e-49
453.929	-2.47923e-49
453.977	4.99371e-49
454.024	-1.34605e-48
454.072	-4.13039e-49
454.12	-5.35125e-49
454.168	-1.49939e-48
454.216	-2.04099e-49
454.264	-9.21428e-49
454.31	-1.79239e-49
454.358	4.39958e-49
454.406	1.58969e-49
454.454	7.56064e-49
454.502	-4.76124e-50
454.55	-1.3915e-48
454.597	-1.56052e-48
454.645	2.01906e-49
454.693	2.03046e-49
454.741	-1.04488e-49
454.789	-7.22271e-49
454.836	4.04395e-49
454.884	-1.88164e-48
454.932	-1.27084e-50
454.98	4.09876e-49
455.028	1.02794e-48
455.075	5.88139e-49
455.123	3.14589e-49
455.171	1.65729e-48
455.219	-4.81777e-49
455.267	8.08693e-49
455.314	-7.2027e-50
455.362	-5.66419e-49
455.41	-6.04774e-49
455.458	1.09944e-48
455.506	1.62789e-48
455.553	1.49421e-49
455.601	-1.68894e-49
455.649	1.95779e-49
455.697	1.48281e-48
455.744	1.23624e-48
455.791	-4.42269e-49
455.839	3.19469e-49
455.887	9.17802e-49
455.935	-5.58732e-49
455.982	-1.46718e-48
456.03	-2.54792e-48
456.078	-5.65106e-49
456.126	8.84683e-50
456.174	-1.10337e-48
456.221	-8.69999e-49
456.269	-1.93852e-48
456.317	-1.22556e-48
456.365	1.08143e-48
456.412	-1.94032e-48
456.46	-5.86913e-49
456.508	-1.80932e-48
456.556	-1.16915e-48
456.603	-2.94848e-49
456.651	-1.0214e-48
456.699	-1.29766e-48
456.747	-1.99138e-48
456.794	-6.17925e-49
456.842	-1.65555e-49
456.89	-5.95833e-49
456.938	-1.1385e-48
456.985	-1.4361e-48
457.032	-2.27092e-48
457.08	2.87619e-49
457.127	-1.04409e-48
457.175	-1.38572e-48
457.223	-2.58434e-49
457.271	1.2372e-48
457.318	-1.13759e-49
457.366	4.13991e-49
457.414	-2.44984e-48
457.462	-7.09439e-49
457.509	-2.12237e-49
457.557	4.94719e-49
457.605	-1.07919e-48
457.652	-1.46142e-48
457.7	-9.27802e-49
457.748	2.38593e-49
457.796	-4.85165e-49
457.843	-2.33315e-49
457.891	-9.6897e-49
457.939	-1.09851e-48
457.986	9.65064e-49
458.034	-1.81622e-48
458.082	4.20626e-49
458.129	-2.08698e-48
458.177	-9.80871e-49
458.225	-1.01629e-48
458.273	-1.21684e-48
458.319	-1.20859e-48
458.367	1.05384e-48
458.415	-1.42458e-48
458.462	-1.58715e-48
458.51	-1.89444e-49
458.558	-9.06323e-49
458.605	-1.15346e-49
458.653	4.88239e-49
458.701	-1.49153e-48
458.748	1.49146e-48
458.796	-8.10981e-49
458.844	-3.38293e-49
458.891	-6.31716e-49
458.939	9.08716e-50
458.987	-1.05986e-48
459.034	-1.01831e-48
459.082	-5.81447e-49
459.13	3.72211e-49
459.177	-1.03565e-49
459.225	-5.7239e-49
459.273	8.09637e-49
459.32	-4.016e-49
459.368	5.1483e-49
459.416	4.91991e-49
459.463	-1.55245e-49
459.511	-1.27536e-48
459.559	-2.81317e-49
459.605	-1.33572e-48
459.653	1.21149e-48
459.7	-3.26292e-49
459.748	8.44075e-49
459.796	-1.43187e-48
459.843	1.46289e-49
459.891	-7.57747e-49
459.939	3.41952e-49
459.986	-1.81874e-49
460.034	1.93766e-49
460.082	2.61858e-49
460.129	1.19969e-49
460.177	5.68284e-50
460.224	5.75887e-49
460.272	1.35879e-48
460.32	9.67351e-49
460.367	-2.17984e-50
460.415	9.44413e-49
460.463	2.04005e-48
460.51	1.3528e-49
460.558	9.93633e-49
460.605	2.18949e-48
460.653	4.0364e-49
460.701	1.49987e-48
460.748	3.6888e-49
460.796	8.03895e-49
460.843	9.65901e-49
460.891	1.37982e-48
460.939	9.33565e-49
460.985	1.97645e-48
461.033	1.72973e-48
461.08	1.16566e-48
461.128	2.81932e-48
461.176	1.74953e-48
461.223	2.78878e-48
461.271	2.43874e-48
461.318	2.70023e-48
461.366	2.09105e-48
461.413	2.65698e-48
461.461	2.4219e-48
461.509	2.12018e-48
461.556	2.02966e-48
461.604	1.73943e-48
461.651	1.61952e-48
461.699	2.09766e-48
461.746	2.17905e-48
461.794	3.11927e-48
461.842	3.04831e-48
461.889	3.71811e-48
461.937	3.83486e-48
461.984	2.062e-48
462.032	2.50956e-48
462.079	2.60181e-48
462.127	3.03586e-48
462.174	2.413e-48
462.222	4.90156e-48
462.27	2.74772e-48
462.317	1.43721e-48
462.365	3.21531e-48
462.412	3.38398e-48
462.46	2.10832e-48
462.506	2.84802e-48
462.554	4.1574e-48
462.601	3.68373e-48
462.649	5.45974e-48
462.696	4.82912e-48
462.744	3.67861e-48
462.792	3.97193e-48
462.839	4.62895e-48
462.887	5.8147e-48
462.934	6.15431e-48
462.982	4.26719e-48
463.029	4.97921e-48
463.077	5.0342e-48
463.124	5.5765e-48
463.172	5.17146e-48
463.219	6.37775e-48
463.267	6.2071e-48
463.314	7.76379e-48
463.362	7.24032e-48
463.409	7.84994e-48
463.457	6.6962e-48
463.504	8.60579e-48
463.552	8.17851e-48
463.599	8.5082e-48
463.647	8.62617e-48
463.694	9.46125e-48
463.742	7.53024e-48
463.789	8.57067e-48
463.837	6.63319e-48
463.884	8.48318e-48
463.932	1.01905e-47
463.979	8.39965e-48
464.027	9.03053e-48
464.074	8.0909e-48
464.122	9.4776e-48
464.169	8.8889e-48
464.217	9.79921e-48
464.264	1.04157e-47
464.312	7.88611e-48
464.359	8.86518e-48
464.407	1.19779e-47
464.453	1.1949e-47
464.501	1.23199e-47
464.548	1.08722e-47
464.595	1.02916e-47
464.643	1.14033e-47
464.69	1.18261e-47
464.738	1.33149e-47
464.785	1.28112e-47
464.833	1.30799e-47
464.88	1.30103e-47
464.928	1.29818e-47
464.975	1.42443e-47
465.023	1.4619e-47
465.07	1.26571e-47
465.117	1.34967e-47
465.165	1.35277e-47
465.212	1.29644e-47
465.26	1.5079e-47
465.307	1.33606e-47
465.355	1.65607e-47
465.402	1.39805e-47
465.45	1.36588e-47
465.497	1.56429e-47
465.544	1.71935e-47
465.592	1.59834e-47
465.639	1.733e-47
465.687	1.56132e-47
465.734	1.64682e-47
465.782	1.70933e-47
465.829	1.71534e-47
465.876	1.79943e-47
465.924	1.80052e-47
465.971	1.89218e-47
466.019	1.92625e-47
466.066	1.95101e-47
466.114	1.81287e-47
466.161	2.01164e-47
466.208	2.01667e-47
466.256	2.01815e-47
466.303	2.17275e-47
466.351	2.08642e-47
466.398	2.13483e-47
466.445	2.24353e-47
466.493	2.23733e-47
466.54	2.25642e-47
466.588	2.44686e-47
466.635	2.54953e-47
466.682	2.57762e-47
466.73	2.54595e-47
466.777	2.65327e-47
466.825	2.59109e-47
466.872	2.74267e-47
466.919	2.6921e-47
466.967	2.76042e-47
467.014	2.79444e-47
467.061	3.06153e-47
467.109	2.96225e-47
467.156	3.07312e-47
467.204	3.01873e-47
467.251	3.16875e-47
467.298	3.18627e-47
467.346	3.09092e-47
467.393	3.38918e-47
467.44	3.41311e-47
467.488	3.42665e-47
467.535	3.45856e-47
467.583	3.7013e-47
467.63	3.57519e-47
467.677	3.50734e-47
467.725	3.73302e-47
467.772	3.74607e-47
467.819	3.81467e-47
467.867	3.86445e-47
467.914	3.93006e-47
467.961	3.96692e-47
468.009	4.03226e-47
468.056	4.03552e-47
468.103	4.27497e-47
468.151	4.53994e-47
468.198	4.40265e-47
468.245	4.49072e-47
468.293	4.57839e-47
468.34	4.72364e-47
468.387	4.91972e-47
468.435	4.88263e-47
468.482	4.94225e-47
468.529	5.14843e-47
468.577	5.1202e-47
468.624	5.2571e-47
468.671	5.36163e-47
468.719	5.47645e-47
468.766	5.51983e-47
468.813	5.61555e-47
468.861	5.84791e-47
468.908	5.84121e-47
468.955	5.90167e-47
469.003	6.08874e-47
469.05	6.19758e-47
469.097	6.10929e-47
469.145	6.38624e-47
469.192	6.48258e-47
469.239	6.60679e-47
469.286	6.57992e-47
469.334	6.72745e-47
469.381	6.98093e-47
469.428	7.03879e-47
469.476	7.16394e-47
469.523	7.34339e-47
469.57	7.33671e-47
469.617	7.69587e-47
469.665	7.84187e-47
469.712	8.0404e-47
469.759	8.0671e-47
469.807	8.26562e-47
469.854	8.33461e-47
469.901	8.46057e-47
469.948	8.66814e-47
469.996	8.82423e-47
470.043	8.89105e-47
470.09	9.04035e-47
470.138	9.26632e-47
470.185	9.59763e-47
470.232	9.60949e-47
470.279	9.74428e-47
470.327	9.91522e-47
470.374	1.00747e-46
470.421	1.01893e-46
470.468	1.0466e-46
470.516	1.04487e-46
470.563	1.06897e-46
470.61	1.10297e-46
470.657	1.1189e-46
470.705	1.12589e-46
470.752	1.13344e-46
470.799	1.17905e-46
470.846	1.18748e-46
470.894	1.19965e-46
470.941	1.2247e-46
470.988	1.26029e-46
471.035	1.28328e-46
471.083	1.29956e-46
471.13	1.31176e-46
471.177	1.34484e-46
471.224	1.35728e-46
471.272	1.39779e-46
471.319	1.41053e-46
471.366	1.44967e-46
471.413	1.44779e-46
471.46	1.47363e-46
471.508	1.51277e-46
471.555	1.51175e-46
471.602	1.55478e-46
471.649	1.55514e-46
471.697	1.58881e-46
471.744	1.62152e-46
471.791	1.63358e-46
471.838	1.6676e-46
471.885	1.69232e-46
471.933	1.71115e-46
471.98	1.75654e-46
472.027	1.76958e-46
472.075	1.7843e-46
472.122	1.80738e-46
472.17	1.84602e-46
472.217	1.85614e-46
472.264	1.8994e-46
472.311	1.91952e-46
472.358	1.95338e-46
472.406	1.99083e-46
472.453	1.99701e-46
472.5	2.0427e-46
472.547	2.05503e-46
472.594	2.06509e-46
472.641	2.11407e-46
472.689	2.11607e-46
472.736	2.15448e-46
472.783	2.18471e-46
472.83	2.22021e-46
472.877	2.24047e-46
472.925	2.2615e-46
472.972	2.30075e-46
473.019	2.3179e-46
473.066	2.35161e-46
473.113	2.36768e-46
473.16	2.3781e-46
473.208	2.42454e-46
473.255	2.446e-46
473.302	2.47852e-46
473.349	2.49834e-46
473.396	2.52787e-46
473.443	2.56504e-46
473.49	2.58539e-46
473.538	2.62277e-46
473.585	2.63672e-46
473.632	2.68176e-46
473.679	2.69389e-46
473.726	2.73166e-46
473.774	2.75882e-46
473.821	2.78618e-46
473.869	2.8123e-46
473.916	2.86439e-46
473.963	2.88908e-46
474.01	2.91704e-46
474.057	2.95652e-46
474.104	2.96898e-46
474.151	3.01362e-46
474.199	3.05342e-46
474.246	3.1067e-46
474.293	3.1437e-46
474.34	3.18277e-46
474.387	3.234e-46
474.434	3.26267e-46
474.481	3.31182e-46
474.528	3.34751e-46
474.575	3.40687e-46
474.623	3.44445e-46
474.67	3.49825e-46
474.717	3.54401e-46
474.764	3.59511e-46
474.811	3.6371e-46
474.858	3.70403e-46
474.905	3.76399e-46
474.952	3.83623e-46
474.999	3.90175e-46
475.047	3.97706e-46
475.095	4.02709e-46
475.142	4.10012e-46
475.189	4.16757e-46
475.236	4.23988e-46
475.283	4.32775e-46
475.33	4.39045e-46
475.377	4.48009e-46
475.424	4.54614e-46
475.471	4.63636e-46
475.518	4.71506e-46
475.565	4.8056e-46
475.613	4.88857e-46
475.66	4.975e-46
475.707	5.07848e-46
475.754	5.16423e-46
475.801	5.26876e-46
475.848	5.36982e-46
475.895	5.44986e-46
475.942	5.54984e-46
475.989	5.66353e-46
476.036	5.76403e-46
476.083	5.86332e-46
476.13	5.95253e-46
476.178	6.04154e-46
476.225	6.1426e-46
476.272	6.23243e-46
476.319	6.33441e-46
476.367	6.41454e-46
476.414	6.49143e-46
476.461	6.56641e-46
476.508	6.64511e-46
476.555	6.69892e-46
476.602	6.74345e-46
476.649	6.79378e-46
476.696	6.82884e-46
476.743	6.87235e-46
476.79	6.87942e-46
476.837	6.90935e-46
476.884	6.9059e-46
476.931	6.90917e-46
476.978	6.91056e-46
477.025	6.91868e-46
477.072	6.89639e-46
477.119	6.88485e-46
477.167	6.85869e-46
477.214	6.83962e-46
477.261	6.81222e-46
477.308	6.77214e-46
477.355	6.73812e-46
477.402	6.69034e-46
477.449	6.66781e-46
477.496	6.60365e-46
477.543	6.56877e-46
477.59	6.52368e-46
477.637	6.45756e-46
477.684	6.41515e-46
477.731	6.36403e-46
477.778	6.32303e-46
477.825	6.24349e-46
477.872	6.20184e-46
477.919	6.1418e-46
477.966	6.07643e-46
478.014	6.01347e-46
478.061	5.9593e-46
478.108	5.87391e-46
478.155	5.82104e-46
478.202	5.74085e-46
478.249	5.67171e-46
478.296	5.62472e-46
478.343	5.52931e-46
478.39	5.47076e-46
478.437	5.40374e-46
478.484	5.32956e-46
478.531	5.24024e-46
478.578	5.1609e-46
478.625	5.0808e-46
478.672	5.03186e-46
478.719	4.94098e-46
478.766	4.86785e-46
478.813	4.77594e-46
478.861	4.71675e-46
478.908	4.63371e-46
478.955	4.56316e-46
479.002	4.49352e-46
479.049	4.39078e-46
479.095	4.32782e-46
479.142	4.26712e-46
479.189	4.17453e-46
479.236	4.12047e-46
479.283	4.02848e-46
479.33	3.9388e-46
479.377	3.85169e-46
479.424	3.80054e-46
479.471	3.73473e-46
479.518	3.65766e-46
479.565	3.56536e-46
479.612	3.49819e-46
479.66	3.44694e-46
479.707	3.35893e-46
479.754	3.27717e-46
479.801	3.22245e-46
479.847	3.15206e-46
479.894	3.06137e-46
479.941	3.01218e-46
479.988	2.94417e-46
480.035	2.86495e-46
480.082	2.80747e-46
480.129	2.75612e-46
480.176	2.68184e-46
480.223	2.60934e-46
480.27	2.55145e-46
480.317	2.48435e-46
480.365	2.43204e-46
480.411	2.35245e-46
480.458	2.28919e-46
480.505	2.2478e-46
480.552	2.18742e-46
480.599	2.17207e-46
480.646	2.10313e-46
480.693	2.04428e-46
480.74	1.96616e-46
480.787	1.93587e-46
480.833	1.88871e-46
480.88	1.83525e-46
480.927	1.79574e-46
480.974	1.75249e-46
481.021	1.69587e-46
481.068	1.66729e-46
481.116	1.61115e-46
481.163	1.55161e-46
481.21	1.51251e-46
481.256	1.49285e-46
481.303	1.44097e-46
481.35	1.39946e-46
481.397	1.37141e-46
481.444	1.32856e-46
481.491	1.29626e-46
481.538	1.26238e-46
481.584	1.18817e-46
481.631	1.19224e-46
481.678	1.15765e-46
481.725	1.09768e-46
481.773	1.10558e-46
481.82	1.03637e-46
481.867	1.01558e-46
481.913	9.75258e-47
481.96	9.61331e-47
482.007	9.33859e-47
482.054	9.27159e-47
482.101	8.84013e-47
482.148	8.40135e-47
482.195	8.22926e-47
482.241	7.8572e-47
482.288	7.84286e-47
482.335	7.56695e-47
482.382	7.34767e-47
482.429	7.26131e-47
482.477	7.00736e-47
482.523	6.72753e-47
482.57	6.35568e-47
482.617	6.26638e-47
482.664	6.13502e-47
482.711	5.89039e-47
482.757	5.69427e-47
482.804	5.5689e-47
482.851	5.59449e-47
482.898	5.10953e-47
482.945	5.35565e-47
482.992	4.98757e-47
483.038	4.84019e-47
483.085	4.77061e-47
483.133	4.49313e-47
483.18	4.38229e-47
483.227	4.18946e-47
483.273	3.94485e-47
483.32	3.79524e-47
483.367	3.84286e-47
483.414	3.85858e-47
483.461	3.55637e-47
483.507	3.54973e-47
483.554	3.4339e-47
483.601	3.13646e-47
483.648	2.89495e-47
483.695	3.01433e-47
483.741	3.01926e-47
483.789	2.82865e-47
483.836	2.50036e-47
483.883	2.74226e-47
483.929	2.83064e-47
483.976	2.71002e-47
484.023	2.27936e-47
484.07	2.44709e-47
484.117	2.20526e-47
484.163	2.32913e-47
484.21	2.23106e-47
484.257	2.11777e-47
484.304	2.02615e-47
484.35	1.75299e-47
484.397	1.98956e-47
484.445	2.03595e-47
484.492	1.80857e-47
484.538	1.76761e-47
484.585	1.88884e-47
484.632	1.42434e-47
484.679	1.74614e-47
484.725	1.46967e-47
484.772	1.82161e-47
484.819	1.2624e-47
484.866	1.52766e-47
484.912	1.63549e-47
484.959	1.33044e-47
485.006	1.47619e-47
485.053	1.31353e-47
485.1	1.20261e-47
485.147	1.25315e-47
485.194	9.68754e-48
485.241	1.35597e-47
485.287	1.45155e-47
485.334	1.25063e-47
485.381	1.27628e-47
485.427	1.30779e-47
485.474	8.47777e-48
485.521	1.03466e-47
485.568	1.09484e-47
485.614	6.35344e-48
485.661	9.00839e-48
485.708	6.27479e-48
485.755	8.19695e-48
485.802	9.26696e-48
485.849	6.74794e-48
485.896	5.58432e-48
485.942	5.83105e-48
485.989	6.81375e-48
486.036	7.77892e-48
486.082	6.47433e-48
486.129	6.10772e-48
486.176	4.61662e-48
486.222	5.98809e-48
486.269	2.89106e-48
486.316	5.47975e-48
486.363	5.35442e-48
486.41	2.44771e-48
486.457	6.00123e-48
486.504	2.11475e-48
486.55	5.21453e-48
486.597	4.48987e-48
486.644	4.72583e-48
486.69	4.47831e-48
486.737	3.92276e-48
486.784	3.79969e-48
486.83	4.40017e-48
486.877	5.69247e-48
486.924	3.94734e-48
486.97	1.05168e-48
487.017	5.49753e-50
487.064	3.03691e-49
487.111	2.46415e-48
487.158	3.05773e-48
487.205	2.11998e-48
487.251	1.45514e-48
487.298	1.93203e-48
487.345	4.43079e-48
487.391	2.31061e-48
487.438	2.71449e-48
487.485	5.67125e-49
487.531	-1.59129e-48
487.578	1.54345e-48
487.625	-3.0067e-49
487.671	3.11263e-48
487.718	7.62845e-49
487.764	3.16656e-48
487.812	6.33811e-49
487.859	6.22006e-48
487.905	8.74636e-49
487.952	1.47672e-48
487.999	8.0974e-49
488.045	1.5645e-48
488.092	7.01394e-50
488.139	4.71986e-49
488.185	-7.2004e-49
488.232	-1.6586e-50
488.278	-3.34409e-48
488.325	-5.86376e-49
488.372	6.69162e-49
488.418	8.77434e-49
488.465	1.20906e-48
488.512	6.83724e-49
488.559	3.71527e-48
488.606	1.37357e-48
488.652	8.3995e-49
488.699	1.76797e-48
488.746	-1.38163e-48
488.792	3.6286e-51
488.839	-1.36813e-48
488.885	3.11963e-49
488.932	4.46986e-48
488.979	3.04172e-48
489.025	-1.05613e-48
489.072	-2.50376e-48
489.118	2.91786e-48
489.165	-1.10544e-48
489.211	-2.04146e-48
489.259	-3.78729e-49
489.306	2.17788e-48
489.352	-6.33213e-49
489.399	-1.18214e-48
489.445	4.81932e-49
489.492	-2.45212e-48
489.539	-2.90557e-48
489.585	-1.2983e-48
489.632	1.13086e-48
489.678	1.62606e-48
489.725	-1.08059e-49
489.771	-1.22648e-49
489.818	2.3633e-48
489.865	-1.39951e-49
489.911	1.21557e-48
489.958	4.50313e-49
490.004	-6.62333e-49
490.052	1.57696e-48
490.098	-3.37198e-48
490.145	-1.93498e-48
490.191	1.23894e-48
490.238	-2.62629e-48
490.285	-6.75607e-49
490.331	1.23048e-48
490.378	3.06558e-48
490.424	7.04253e-49
490.471	1.78847e-48
490.517	-1.45561e-48
490.564	-1.63102e-48
490.61	-2.36085e-48
490.657	-3.19608e-48
490.703	-2.64637e-48
490.75	6.14261e-49
490.796	-3.21081e-49
490.843	2.98257e-48
490.89	-1.29845e-48
490.937	3.765e-50
490.984	-4.6047e-48
491.03	8.5107e-49
491.077	3.12354e-49
491.123	-1.22905e-48
491.17	5.09227e-48
491.216	3.85677e-48
491.263	2.85644e-49
491.309	3.66242e-48
491.356	-9.16496e-49
491.402	4.75956e-48
491.449	-7.95092e-49
491.495	-2.84041e-49
491.542	-1.12244e-49
491.588	5.66688e-48
491.635	-1.48793e-48
491.681	3.74219e-48
491.728	-1.40515e-48
491.774	3.36123e-49
491.821	-1.52923e-48
491.867	3.18693e-48
491.914	5.693e-48
491.961	4.99686e-48
492.008	-8.46316e-49
492.054	-1.42957e-48
492.101	8.25653e-48
492.147	1.28169e-48
492.194	1.84692e-48
492.24	2.53123e-48
492.287	3.31471e-49
492.333	-2.24523e-48
492.38	-7.01918e-49
492.426	1.05918e-48
492.472	6.28677e-48
492.519	-1.75207e-49
492.565	-1.36133e-48
492.612	1.52644e-48
492.658	3.38587e-48
492.705	-1.91931e-48
492.751	-2.10453e-48
492.798	-2.22595e-48
492.844	1.18037e-48
492.891	7.85987e-48
492.937	5.02495e-48
492.984	1.07004e-48
493.03	6.51562e-48
493.076	1.92617e-48
493.123	-3.19205e-48
493.169	6.70203e-48
493.216	1.45647e-48
493.263	1.73794e-48
493.31	-3.8078e-49
493.356	4.26343e-48
493.402	1.50443e-48
493.449	2.32141e-48
493.495	-1.12211e-48
493.542	3.09598e-48
493.588	4.81778e-48
493.635	-3.71117e-50
493.681	-2.31656e-48
493.728	5.54538e-48
493.774	2.63979e-48
493.82	2.03807e-50
493.867	3.22475e-53
493.913	3.37543e-48
493.96	9.45088e-48
494.006	-4.06894e-48
494.052	3.29998e-48
494.099	5.45288e-49
494.145	-1.24879e-48
494.192	-8.83477e-48
494.238	-1.74821e-48
494.284	-1.19827e-48
494.331	-3.07588e-48
494.377	-3.07817e-48
494.424	4.7932e-48
494.47	-2.53311e-48
494.516	-1.04085e-49
494.563	7.22546e-48
494.609	1.50797e-48
494.656	5.98484e-48
494.702	-3.69974e-48
494.748	2.4015e-49
494.795	-4.05171e-48
494.841	5.96289e-48
494.888	4.74295e-48
494.934	8.67219e-48
494.98	5.98979e-48
495.027	2.88267e-48
495.073	4.78765e-48
495.119	1.03484e-47
495.166	5.20579e-48
495.212	4.87984e-48
495.259	1.13051e-47
495.305	1.20683e-47
495.351	6.23786e-48
495.398	8.83201e-48
495.444	8.19599e-48
495.49	7.34253e-48
495.537	7.78583e-48
495.583	6.12695e-48
495.629	2.02338e-49
495.676	7.69743e-48
495.722	4.75684e-48
495.769	3.41697e-48
495.815	3.48852e-48
495.861	-1.85912e-48
495.908	4.86709e-48
495.954	1.2689e-48
496	9.59772e-48
496.047	8.96612e-48
496.093	8.91768e-48


505.676	3.05666e-48
505.723	5.68805e-48
505.77	2.73382e-49
505.817	-4.51136e-49
505.864	2.03125e-48
505.911	2.32101e-48
505.958	1.65928e-48
506.005	3.31468e-48
506.052	-1.22437e-49
506.1	2.98528e-49
506.147	7.2395e-49
506.194	5.16579e-48
506.241	-1.22453e-48
506.288	-9.63866e-49
506.335	1.96496e-48
506.382	2.87053e-49
506.429	1.25074e-48
506.476	-1.77766e-48
506.523	-9.38439e-49
506.57	5.01323e-49
506.617	2.57026e-49
506.664	1.8593e-48
506.711	-2.56175e-49
506.758	7.25657e-49
506.805	1.20972e-48
506.852	5.42673e-49
506.899	1.07195e-48
506.946	3.90924e-49
506.993	-1.12122e-48
507.04	1.81036e-48
507.088	1.89174e-48
507.135	4.547e-49
507.182	-8.83413e-52
507.229	-2.31573e-49
507.276	1.98509e-48
507.323	1.64262e-48
507.37	1.32288e-48
507.417	2.75796e-50
507.464	4.46464e-50
507.511	5.22077e-49
507.558	1.32029e-48
507.605	2.75615e-49
507.652	1.02767e-48
507.699	3.0065e-49
507.746	1.50536e-48
507.793	-4.71608e-49
507.84	1.78838e-48
507.887	7.43736e-49
507.934	3.45461e-49
507.981	-2.79591e-50
508.028	4.68864e-49
508.075	1.68199e-48
508.122	4.21223e-49
508.169	-1.01975e-49
508.216	5.83508e-49
508.263	1.49476e-48
508.31	6.82284e-49
508.357	-3.57614e-49
508.404	7.77559e-49
508.451	-1.22234e-49
508.498	-8.78909e-49
508.545	-1.35048e-48
508.592	8.34477e-49
508.639	2.17247e-49
508.685	3.26349e-50
508.732	-3.2409e-49
508.779	6.14854e-49
508.826	-3.97958e-49
508.873	1.2112e-48
508.92	2.99189e-49
508.967	-1.54452e-49
509.014	-1.97682e-50
509.061	7.51395e-50
509.108	-2.13889e-50
509.155	5.60907e-49
509.202	-1.17134e-49
509.249	7.53386e-50
509.296	-2.7964e-50
509.343	-4.80867e-50
509.39	-2.06916e-49
509.437	3.3408e-49
509.484	1.82475e-49
509.531	1.82328e-49
509.578	1.94004e-50
509.625	1.40501e-49
509.671	2.64364e-49
509.718	-6.19369e-51
509.765	5.49958e-49
509.812	1.95627e-49
509.859	-1.93738e-49
509.906	-9.41349e-50
509.953	1.8742e-49
510	2.71492e-49
510.047	-1.51657e-49
510.094	-5.49618e-49
510.141	-2.60559e-49
510.188	6.38107e-49
510.235	5.32426e-50
510.281	-1.50241e-49
510.328	-3.19757e-50
510.375	-2.00986e-49
510.422	-1.40191e-49
510.469	7.04767e-50
510.516	-2.2308e-49
510.563	6.43203e-50
510.61	-3.05299e-49
510.657	5.30559e-50
510.704	2.25514e-49
510.75	2.82441e-49
510.797	9.86668e-50
510.844	3.59933e-49
510.891	-8.19593e-50
510.938	1.17246e-49
510.985	3.96398e-49
511.032	-3.07877e-49
511.079	7.0925e-51
511.126	-6.13314e-50
511.172	2.79143e-50
511.219	-8.3116e-50
511.266	-8.1334e-50
511.313	2.16715e-49
511.36	1.12029e-49
511.407	-3.07996e-49
511.454	2.903e-49
511.501	-1.69728e-49
511.547	2.23091e-49
511.594	8.14265e-50
511.641	-6.87426e-50
511.688	-4.12472e-49
511.735	2.95734e-50
511.782	1.04553e-49
511.829	-2.24736e-49
511.875	-9.93404e-50
511.922	3.17442e-50
511.969	-2.55757e-49
512.016	-3.80006e-50
512.063	-2.03032e-49
512.11	-1.02051e-49
512.156	-1.35429e-50
512.203	4.1223e-50
512.25	3.29922e-49
512.297	4.25594e-49
512.344	-1.68566e-49
512.391	-6.22021e-50
512.438	-2.58577e-49
512.484	3.12298e-49
512.531	-2.0272e-49
512.578	-7.27296e-50
512.625	9.08409e-50
512.672	-3.30068e-49
512.718	1.58558e-49
512.765	2.60632e-49
512.812	2.18107e-49
512.859	-3.39287e-50
512.906	-8.41278e-50
512.953	-3.74602e-50
512.999	5.86882e-50
513.046	2.52561e-49
513.093	-1.72129e-50
513.14	-1.234e-49
513.187	3.37732e-49
513.233	7.17854e-51
513.28	3.42449e-49
513.327	-3.11897e-50
513.374	2.0526e-49
513.421	7.40092e-50
513.467	8.94248e-50
513.514	6.38966e-49
513.561	1.80092e-49
513.608	1.44037e-49
513.655	1.22845e-49
513.701	1.3161e-49
513.748	2.49473e-49
513.795	9.68533e-50
513.842	2.23884e-49
513.888	1.13694e-50
513.935	3.05451e-49
513.982	3.60142e-49
514.029	2.65504e-49
514.076	4.30629e-49
514.122	2.56378e-49
514.169	4.10337e-49
514.216	3.36087e-49
514.263	4.80068e-49
514.309	7.80477e-49
514.356	4.45065e-49
514.403	1.74497e-49
514.45	5.61062e-49
514.496	4.49309e-49
514.543	7.72858e-49
514.59	5.44429e-49
514.637	4.38939e-49
514.683	4.45734e-49
514.73	5.16147e-49
514.777	6.27031e-49
514.824	7.67696e-49
514.87	5.15492e-49
514.917	7.07199e-49
514.964	5.36859e-49
515.011	5.06125e-49
515.057	5.95032e-49
515.104	6.35665e-49
515.151	6.18999e-49
515.198	7.05787e-49
515.244	8.41481e-49
515.291	1.02338e-48
515.338	6.81726e-49
515.384	1.11247e-48
515.431	1.14848e-48
515.478	8.86348e-49
515.525	9.25107e-49
515.571	8.7157e-49
515.618	7.91557e-49
515.665	7.79905e-49
515.711	9.76764e-49
515.758	1.07757e-48
515.805	1.15764e-48
515.852	1.28035e-48
515.898	1.1901e-48
515.945	1.15531e-48
515.992	1.19562e-48
516.038	1.30944e-48
516.085	1.07345e-48
516.132	1.0951e-48
516.178	1.26102e-48
516.225	1.37146e-48
516.272	1.39726e-48
516.319	1.44269e-48
516.365	1.10119e-48
516.412	1.19156e-48
516.459	1.46245e-48
516.505	1.37741e-48
516.552	1.4514e-48
516.599	1.69124e-48
516.645	1.46741e-48
516.692	2.04832e-48
516.739	1.932e-48
516.785	1.60871e-48
516.832	1.68158e-48
516.879	1.9019e-48
516.925	1.62504e-48
516.972	1.77556e-48
517.019	2.07892e-48
517.065	1.95189e-48
517.112	1.95057e-48
517.159	1.86712e-48
517.205	2.17268e-48
517.252	1.90656e-48
517.299	2.2534e-48
517.345	2.22925e-48
517.392	2.28403e-48
517.439	2.02184e-48
517.485	2.27937e-48
517.532	2.57364e-48
517.578	2.19382e-48
517.625	2.71881e-48
517.672	2.58068e-48
517.718	2.39618e-48
517.765	2.65367e-48
517.812	2.84537e-48
517.858	2.90317e-48
517.905	2.98566e-48
517.952	2.52374e-48
517.998	2.6507e-48
518.045	2.71448e-48
518.091	3.32562e-48
518.138	3.26977e-48
518.185	2.91035e-48
518.231	3.20385e-48
518.278	3.27271e-48
518.325	3.55866e-48
518.371	3.13392e-48
518.418	3.2373e-48
518.464	3.26183e-48
518.511	3.5082e-48
518.558	3.50039e-48
518.604	3.82994e-48
518.651	3.77069e-48
518.697	3.99887e-48
518.744	3.8077e-48
518.791	3.94107e-48
518.837	3.82211e-48
518.884	3.72722e-48
518.93	4.18476e-48
518.977	4.04198e-48
519.024	3.9453e-48
519.07	4.60986e-48
519.117	4.38144e-48
519.163	4.45632e-48
519.21	4.47348e-48
519.256	4.21035e-48
519.303	4.39551e-48
519.35	4.85414e-48
519.396	4.65392e-48
519.443	5.01927e-48
519.489	4.89779e-48
519.536	4.86859e-48
519.582	5.10094e-48
519.629	5.13786e-48
519.676	4.94332e-48
519.722	5.31629e-48
519.769	5.48264e-48
519.815	5.45393e-48
519.862	5.58773e-48
519.908	5.95129e-48
519.955	5.86924e-48
520.001	5.87004e-48
520.048	6.0988e-48
520.095	5.82982e-48
520.141	6.48855e-48
520.188	6.21177e-48
520.234	6.66376e-48
520.281	6.89829e-48
520.327	6.57869e-48
520.374	6.83411e-48
520.42	6.85133e-48
520.467	7.00086e-48
520.513	7.10974e-48
520.56	7.2061e-48
520.606	7.3507e-48
520.653	7.33281e-48
520.7	7.52642e-48
520.746	7.35395e-48
520.793	7.78278e-48
520.839	7.89404e-48
520.886	8.12253e-48
520.932	8.00117e-48
520.979	8.48672e-48
521.025	8.51301e-48
521.072	8.64298e-48
521.118	9.16371e-48
521.165	8.75735e-48
521.211	9.09697e-48
521.258	9.18478e-48
521.304	8.97491e-48
521.351	9.29604e-48
521.397	9.65036e-48
521.444	9.83702e-48
521.49	9.93302e-48
521.537	9.8215e-48
521.583	1.03156e-47
521.63	1.02757e-47
521.676	1.06028e-47
521.723	1.08564e-47
521.769	1.08461e-47
521.816	1.09127e-47
521.862	1.12649e-47
521.909	1.14706e-47
521.955	1.13975e-47
522.002	1.18738e-47
522.048	1.1907e-47
522.095	1.17579e-47
522.141	1.22906e-47
522.187	1.2755e-47
522.234	1.25636e-47
522.28	1.31213e-47
522.327	1.29667e-47
522.373	1.34067e-47
522.42	1.33696e-47
522.466	1.36263e-47
522.513	1.37164e-47
522.559	1.44625e-47
522.606	1.42038e-47
522.652	1.43501e-47
522.699	1.47618e-47
522.745	1.49407e-47
522.791	1.52979e-47
522.838	1.54909e-47
522.884	1.58175e-47
522.931	1.57752e-47
522.977	1.61812e-47
523.024	1.68627e-47
523.07	1.65353e-47
523.117	1.65685e-47
523.163	1.73425e-47
523.209	1.75124e-47
523.256	1.7691e-47
523.302	1.81677e-47
523.349	1.81332e-47
523.395	1.86161e-47
523.442	1.8625e-47
523.488	1.89867e-47
523.534	1.93715e-47
523.581	1.95278e-47
523.627	2.00073e-47
523.674	2.02967e-47
523.72	2.03891e-47
523.766	2.08674e-47
523.813	2.10603e-47
523.859	2.15538e-47
523.906	2.16397e-47
523.952	2.21291e-47
523.998	2.2285e-47
524.045	2.23407e-47
524.091	2.32269e-47
524.138	2.38649e-47
524.184	2.3633e-47
524.23	2.42352e-47
524.277	2.4557e-47
524.323	2.45031e-47
524.37	2.51428e-47
524.416	2.54815e-47
524.462	2.57269e-47
524.509	2.64443e-47
524.555	2.66851e-47
524.602	2.71144e-47
524.648	2.71354e-47
524.694	2.77454e-47
524.741	2.82766e-47
524.787	2.8344e-47
524.833	2.94361e-47
524.88	2.95764e-47
524.926	2.96249e-47
524.973	3.0448e-47
525.019	3.04441e-47
525.065	3.11469e-47
525.112	3.14134e-47
525.158	3.22343e-47
525.204	3.20723e-47
525.251	3.27196e-47
525.297	3.28781e-47
525.343	3.38655e-47
525.39	3.39789e-47
525.436	3.44141e-47
525.482	3.48129e-47
525.529	3.5567e-47
525.575	3.56546e-47
525.621	3.6372e-47
525.668	3.68665e-47
525.714	3.72063e-47
525.76	3.77456e-47
525.807	3.81734e-47
525.853	3.86039e-47
525.9	3.97135e-47
525.946	3.9689e-47
525.992	4.04254e-47
526.038	4.03581e-47
526.085	4.12644e-47
526.131	4.18526e-47
526.177	4.27076e-47
526.224	4.31877e-47
526.27	4.37599e-47
526.316	4.37372e-47
526.363	4.45526e-47
526.409	4.48964e-47
526.455	4.57627e-47
526.502	4.61915e-47
526.548	4.67399e-47
526.594	4.6884e-47
526.641	4.78044e-47
526.687	4.85724e-47
526.733	4.87344e-47
526.779	4.95805e-47
526.826	4.99952e-47
526.872	5.0272e-47
526.918	5.13884e-47
526.965	5.17498e-47
527.011	5.22061e-47
527.057	5.31187e-47
527.104	5.34252e-47
527.15	5.42778e-47
527.196	5.487e-47
527.242	5.53705e-47
527.289	5.59012e-47
527.335	5.64884e-47
527.381	5.68495e-47
527.427	5.8149e-47
527.474	5.84907e-47
527.52	5.86257e-47
527.566	5.91987e-47
527.613	6.03146e-47
527.659	6.07756e-47
527.705	6.15449e-47
527.751	6.18611e-47
527.798	6.23054e-47
527.844	6.31117e-47
527.89	6.35426e-47
527.936	6.43488e-47
527.983	6.52133e-47
528.029	6.57838e-47
528.075	6.63785e-47
528.121	6.72804e-47
528.168	6.75928e-47
528.214	6.84849e-47
528.26	6.89253e-47
528.306	6.96029e-47
528.353	6.99773e-47
528.399	7.06471e-47
528.445	7.13746e-47
528.491	7.20334e-47
528.538	7.26775e-47
528.584	7.31189e-47
528.63	7.43889e-47
528.676	7.41548e-47
528.722	7.47866e-47
528.769	7.56928e-47
528.815	7.67973e-47
528.861	7.68186e-47
528.907	7.74449e-47
528.954	7.83738e-47
529	7.8749e-47
529.046	7.96002e-47
529.092	8.0202e-47
529.138	8.05939e-47
529.185	8.13555e-47
529.231	8.19631e-47
529.277	8.27549e-47
529.323	8.36634e-47
529.369	8.39988e-47
529.416	8.42406e-47
529.462	8.50686e-47
529.508	8.54126e-47
529.554	8.62318e-47
529.6	8.63677e-47
529.647	8.7377e-47
529.693	8.81874e-47
529.739	8.84364e-47
529.785	8.92419e-47
529.831	8.93251e-47
529.878	9.00641e-47
529.924	9.05632e-47
529.97	9.11835e-47
530.016	9.25131e-47
530.062	9.24625e-47
530.108	9.34254e-47
530.155	9.32251e-47
530.201	9.36094e-47
530.247	9.44039e-47
530.293	9.46308e-47
530.339	9.54489e-47
530.385	9.53123e-47
530.432	9.62534e-47
530.478	9.68657e-47
530.524	9.77222e-47
530.57	9.81118e-47
530.616	9.84345e-47
530.662	9.87506e-47
530.709	9.89829e-47
530.755	9.98262e-47
530.801	1.00154e-46
530.847	1.00484e-46
530.893	1.01042e-46
530.939	1.01316e-46
530.985	1.01306e-46
531.032	1.02353e-46
531.078	1.02766e-46
531.124	1.02774e-46
531.17	1.03201e-46
531.216	1.03297e-46
531.262	1.04291e-46
531.308	1.04278e-46
531.355	1.04419e-46
531.401	1.04636e-46
531.447	1.05485e-46
531.493	1.056e-46
531.539	1.05619e-46
531.585	1.05759e-46
531.631	1.0699e-46
531.677	1.07141e-46
531.723	1.07049e-46
531.77	1.07384e-46
531.816	1.08426e-46
531.862	1.07539e-46
531.908	1.08554e-46
531.954	1.08182e-46
532	1.08294e-46
532.046	1.0882e-46
532.092	1.08436e-46
532.138	1.08837e-46
532.185	1.09166e-46
532.231	1.0928e-46
532.277	1.09816e-46
532.323	1.09802e-46
532.369	1.10053e-46
532.415	1.10023e-46
532.461	1.10243e-46
532.507	1.09867e-46
532.553	1.10023e-46
532.599	1.10623e-46
532.645	1.10152e-46
532.691	1.10106e-46
532.738	1.10701e-46
532.784	1.10181e-46
532.83	1.0979e-46
532.876	1.10101e-46
532.922	1.10863e-46
532.968	1.10262e-46
533.014	1.09941e-46
533.06	1.0995e-46
533.106	1.09517e-46
533.152	1.09875e-46
533.198	1.09611e-46
533.244	1.08494e-46
533.29	1.07788e-46
533.336	1.08288e-46
533.382	1.07824e-46
533.429	1.07809e-46
533.475	1.06664e-46
533.521	1.06127e-46
533.567	1.0584e-46
533.613	1.05074e-46
533.659	1.04458e-46
533.705	1.03649e-46
533.751	1.03498e-46
533.797	1.02888e-46
533.843	1.01126e-46
533.889	1.00211e-46
533.935	9.90215e-47
533.981	9.89206e-47
534.027	9.72052e-47
534.073	9.6127e-47
534.119	9.50576e-47
534.165	9.35726e-47
534.211	9.32164e-47
534.257	9.12061e-47
534.303	8.99769e-47
534.349	8.88156e-47
534.395	8.71392e-47
534.441	8.6114e-47
534.487	8.48596e-47
534.533	8.28644e-47
534.579	8.18408e-47
534.625	8.03603e-47
534.671	7.89886e-47
534.717	7.71334e-47
534.763	7.63056e-47
534.809	7.46404e-47
534.855	7.27727e-47
534.901	7.18988e-47
534.947	7.06086e-47
534.993	6.9131e-47
535.039	6.78908e-47
535.085	6.65376e-47
535.131	6.50752e-47
535.177	6.35653e-47
535.223	6.19352e-47
535.269	6.12343e-47
535.315	5.9507e-47
535.361	5.89918e-47
535.407	5.76309e-47
535.453	5.56846e-47
535.499	5.4169e-47
535.545	5.33513e-47
535.591	5.22767e-47
535.637	5.15296e-47
535.683	5.0425e-47
535.729	4.93103e-47
535.775	4.87001e-47
535.821	4.72481e-47
535.867	4.62265e-47
535.913	4.52053e-47
535.959	4.43023e-47
536.005	4.33969e-47
536.05	4.26089e-47
536.096	4.15277e-47
536.142	4.08856e-47
536.188	3.96571e-47
536.234	3.84518e-47
536.28	3.82955e-47
536.326	3.74098e-47
536.372	3.67065e-47
536.418	3.60339e-47
536.464	3.49803e-47
536.51	3.37963e-47
536.556	3.34848e-47
536.602	3.27037e-47
536.648	3.21152e-47
536.694	3.13204e-47
536.74	3.06152e-47
536.785	2.97467e-47
536.831	2.96989e-47
536.877	2.86699e-47
536.923	2.78502e-47
536.969	2.73234e-47
537.015	2.71633e-47
537.061	2.64399e-47
537.107	2.5326e-47
537.153	2.52312e-47
537.199	2.42795e-47
537.245	2.39716e-47
537.291	2.37156e-47
537.336	2.32931e-47
537.382	2.23871e-47
537.428	2.19648e-47
537.474	2.13892e-47
537.52	2.10385e-47
537.566	2.03759e-47
537.612	2.01295e-47
537.658	1.97799e-47
537.704	1.93421e-47
537.749	1.87249e-47
537.795	1.83144e-47
537.841	1.82159e-47
537.887	1.74981e-47
537.933	1.69588e-47
537.979	1.69139e-47
538.025	1.63797e-47
538.071	1.59517e-47
538.117	1.58898e-47
538.162	1.51422e-47
538.208	1.46878e-47
538.254	1.43796e-47
538.3	1.40974e-47
538.346	1.35458e-47
538.392	1.37823e-47
538.438	1.30296e-47
538.483	1.25331e-47
538.529	1.19577e-47
538.575	1.19387e-47
538.621	1.2174e-47
538.667	1.15963e-47
538.713	1.09501e-47
538.759	1.13402e-47
538.804	1.07983e-47
538.85	1.00397e-47
538.896	1.02417e-47
538.942	1.00011e-47
538.988	9.88325e-48
539.034	9.17877e-48
539.079	9.06481e-48
539.125	9.14626e-48
539.171	8.66306e-48
539.217	8.58515e-48
539.263	7.65621e-48
539.309	7.86144e-48
539.354	7.60758e-48
539.4	7.28231e-48
539.446	7.54439e-48
539.492	7.02085e-48
539.538	7.1692e-48
539.584	6.43156e-48
539.629	6.32201e-48
539.675	6.20903e-48
539.721	5.83758e-48
539.767	5.82501e-48
539.813	5.77374e-48
539.858	5.57771e-48
539.904	5.18276e-48
539.95	5.15675e-48
539.996	5.28289e-48
540.042	5.00224e-48
540.087	4.75375e-48
540.133	4.55312e-48
540.179	4.55372e-48
540.225	4.16088e-48
540.271	4.21792e-48
540.316	3.70491e-48
540.362	3.66276e-48
540.408	3.46433e-48
540.454	3.98197e-48
540.5	3.3617e-48
540.545	3.27547e-48
540.591	3.21399e-48
540.637	2.83411e-48
540.683	2.9449e-48
540.728	2.6053e-48
540.774	2.54362e-48
540.82	2.62036e-48
540.866	2.46917e-48
540.912	1.89365e-48
540.957	2.16664e-48
541.003	2.03761e-48
541.049	1.97592e-48
541.095	1.81797e-48
541.14	1.88674e-48
541.186	1.74663e-48
541.232	1.38396e-48
541.278	1.68608e-48
541.323	1.60597e-48
541.369	1.36951e-48
541.415	9.14548e-49
541.461	1.3167e-48
541.506	1.14004e-48
541.552	1.10927e-48
541.598	1.13499e-48
541.644	9.01324e-49
541.689	8.3533e-49
541.735	1.16499e-48
541.781	1.10609e-48
541.827	1.22626e-48
541.872	2.92081e-49
541.918	4.33776e-49
541.964	1.10594e-48
542.009	5.58884e-49
542.055	2.55982e-49
542.101	6.58933e-49
542.147	7.15105e-49
542.192	2.03178e-49
542.238	6.14829e-49
542.284	3.96741e-49
542.329	3.1443e-49
542.375	5.41815e-49
542.421	3.74304e-49
542.467	4.97698e-49
542.512	1.28195e-49
542.558	6.59621e-50
542.604	6.86015e-50
542.649	3.59589e-49
542.695	6.12904e-50
542.741	-7.06667e-51
542.787	-8.01875e-50
542.832	1.43599e-49
542.878	-1.14863e-49
542.924	1.82451e-49
542.969	3.82716e-49
543.015	-1.23702e-49
543.061	-5.8243e-50
543.106	-1.75409e-49
543.152	-1.33439e-49
543.198	-8.49153e-50
543.243	7.93727e-51
543.289	-8.03401e-50
543.335	-5.92442e-49
543.38	-1.94828e-50
543.426	5.36125e-49
543.472	5.37869e-51
543.517	-3.72898e-50
543.563	1.88249e-49
543.609	9.21659e-51
543.654	-3.81018e-50
543.7	-2.47276e-49
543.746	1.65426e-49
543.791	2.68905e-49
543.837	-1.83023e-49
543.883	-1.02373e-49
543.928	5.87539e-50
543.974	1.05368e-51
544.02	4.46208e-49
544.065	2.3109e-49
544.111	-3.69205e-50


550.048	-1.02986e-48
550.094	1.30068e-48
550.14	5.39884e-49
550.187	-7.16136e-49
550.233	-3.81447e-49
550.278	6.79847e-49
550.325	-2.72802e-51
550.371	8.95028e-49
550.417	1.03328e-48
550.463	-3.08154e-49
550.509	1.7674e-48
550.555	1.01747e-48
550.601	1.51138e-48
550.648	1.34931e-48
550.693	1.47628e-48
550.739	1.95136e-49
550.785	1.49356e-48
550.831	1.40213e-48
550.877	1.38146e-48
550.923	2.17026e-48
550.969	1.14825e-48
551.015	1.43181e-48
551.06	2.12313e-48
551.106	1.42998e-48
551.152	7.68001e-49
551.198	8.13675e-49
551.244	1.68488e-48
551.29	2.23083e-48
551.336	2.53848e-48
551.381	1.84804e-48
551.427	2.31528e-48
551.473	2.52471e-48
551.519	2.9998e-48
551.564	2.60918e-48
551.61	1.83982e-48
551.656	1.35571e-49
551.702	1.80089e-48
551.747	1.28566e-48
551.793	1.48271e-48
551.839	2.2923e-48
551.884	2.30025e-48
551.929	2.08072e-48
551.975	1.38195e-48
552.021	1.05997e-48
552.066	-1.00983e-49
552.112	8.54829e-49
552.158	1.30932e-48
552.204	1.57685e-48
552.249	3.90885e-49
552.295	1.12771e-48
552.341	2.11753e-48
552.385	1.9997e-48
552.431	1.89925e-48
552.477	3.24077e-48
552.522	2.20507e-48
552.568	2.30358e-48
552.614	2.36081e-48
552.66	3.60561e-48
552.705	2.17263e-48
552.751	5.25714e-48
552.796	3.42485e-48
552.841	4.32316e-48
552.887	5.58905e-48
552.933	3.22687e-48
552.978	4.94404e-48
553.024	6.14047e-48
553.07	5.10917e-48
553.115	4.41929e-48
553.16	5.58508e-48
553.206	5.89674e-48
553.252	4.58005e-48
553.297	5.66044e-48
553.343	6.59196e-48
553.389	6.77124e-48
553.433	6.45401e-48
553.479	8.41151e-48
553.525	8.17332e-48
553.57	8.66772e-48
553.616	9.72821e-48
553.662	9.39121e-48
553.707	1.02965e-47
553.752	8.783e-48
553.798	9.08833e-48
553.843	1.04966e-47
553.889	1.01778e-47
553.935	9.78701e-48
553.98	1.00669e-47
554.026	1.23567e-47
554.072	1.03595e-47
554.117	1.20051e-47
554.162	1.27202e-47
554.208	1.29531e-47
554.253	1.28702e-47
554.299	1.40763e-47
554.345	1.39488e-47
554.39	1.25624e-47
554.436	1.47551e-47
554.482	1.52401e-47
554.527	1.37296e-47
554.573	1.38325e-47
554.617	1.18932e-47
554.663	1.44108e-47
554.709	1.47963e-47
554.754	1.398e-47
554.8	1.46606e-47
554.846	1.55456e-47
554.891	1.48671e-47
554.937	1.59918e-47
554.983	1.53788e-47
555.028	1.50605e-47
555.074	1.52298e-47
555.119	1.54855e-47
555.165	1.57801e-47
555.211	1.58995e-47
555.256	1.63179e-47
555.302	1.6087e-47
555.348	1.61298e-47
555.393	1.65212e-47
555.439	1.6731e-47
555.484	1.71867e-47
555.53	1.9654e-47
555.576	1.803e-47
555.621	1.87798e-47
555.667	1.76265e-47
555.712	1.86802e-47
555.758	1.91338e-47
555.804	1.92378e-47
555.849	2.0897e-47
555.895	2.08274e-47
555.941	1.93406e-47
555.986	1.99688e-47
556.032	2.06728e-47
556.077	2.02438e-47
556.123	2.24527e-47
556.169	2.00984e-47
556.214	2.30556e-47
556.26	2.32897e-47
556.306	2.25919e-47
556.352	2.22921e-47
556.398	2.3869e-47
556.443	2.23176e-47
556.489	2.38271e-47
556.534	2.3511e-47
556.58	2.41462e-47
556.625	2.33616e-47
556.671	2.42326e-47
556.718	2.40285e-47
556.763	2.49732e-47
556.809	2.56838e-47
556.854	2.51087e-47
556.9	2.72629e-47
556.946	2.73399e-47
556.991	2.72629e-47
557.038	2.75251e-47
557.083	2.7188e-47
557.129	2.71661e-47
557.174	2.77701e-47
557.22	2.74539e-47
557.265	2.99491e-47
557.312	3.05717e-47
557.358	3.026e-47
557.403	3.03499e-47
557.449	3.17832e-47
557.494	3.15584e-47
557.541	3.27915e-47
557.586	3.30282e-47
557.632	3.27642e-47
557.678	3.21482e-47
557.724	3.27351e-47
557.77	3.39851e-47
557.815	3.42987e-47
557.861	3.49559e-47
557.906	3.43565e-47
557.953	3.51646e-47
557.998	3.45016e-47
558.044	3.62801e-47
558.089	3.6458e-47
558.136	3.69263e-47
558.182	3.65505e-47
558.227	3.77811e-47
558.274	3.71603e-47
558.319	3.94641e-47
558.365	3.89504e-47
558.41	3.88075e-47
558.457	3.9689e-47
558.502	4.02268e-47
558.548	4.02693e-47
558.594	4.11408e-47
558.64	4.16741e-47
558.685	4.15575e-47
558.731	4.18696e-47
558.777	4.33651e-47
558.823	4.42907e-47
558.868	4.47641e-47
558.915	4.392e-47
558.961	4.66483e-47
559.006	4.43622e-47
559.053	4.51448e-47
559.098	4.65346e-47
559.144	4.61058e-47
559.19	4.66623e-47
559.236	4.6086e-47
559.281	4.62554e-47
559.328	4.88786e-47
559.373	5.01106e-47
559.42	4.99014e-47
559.465	5.02005e-47
559.511	5.07175e-47
559.557	5.0804e-47
559.603	5.10859e-47
559.648	5.28711e-47
559.695	5.119e-47
559.74	5.11712e-47
559.786	5.25362e-47
559.832	5.25582e-47
559.878	5.28989e-47
559.924	5.32229e-47
559.97	5.51042e-47
560.015	5.59748e-47
560.062	5.29008e-47
560.107	5.54766e-47
560.152	5.60314e-47
560.199	5.53565e-47
560.244	5.72752e-47
560.291	5.72093e-47
560.336	5.7039e-47
560.382	5.73692e-47
560.428	6.05242e-47
560.474	5.80032e-47
560.52	6.06578e-47
560.566	5.97255e-47
560.611	6.12606e-47
560.658	6.38181e-47
560.703	6.2877e-47
560.75	6.24059e-47
560.795	6.49227e-47
560.841	6.53765e-47
560.887	6.57616e-47
560.932	6.63974e-47
560.979	6.72178e-47
561.024	6.77369e-47
561.071	6.74221e-47
561.116	6.86739e-47
561.162	6.76771e-47
561.208	6.9279e-47
561.254	7.14736e-47
561.3	7.00677e-47
561.346	7.03867e-47
561.391	7.07704e-47
561.437	7.1128e-47
561.483	7.33444e-47
561.529	7.57182e-47
561.575	7.61915e-47
561.62	7.54781e-47
561.667	7.66319e-47
561.712	7.63271e-47
561.759	7.80673e-47
561.804	7.99327e-47
561.85	7.94855e-47
561.896	7.9529e-47
561.941	8.22375e-47
561.988	8.24717e-47
562.033	8.33232e-47
562.08	8.46469e-47
562.125	8.52836e-47
562.17	8.69208e-47
562.217	8.68029e-47
562.262	9.03935e-47
562.309	8.89437e-47
562.354	8.96137e-47
562.399	9.13649e-47
562.446	9.16267e-47
562.491	9.28347e-47
562.538	9.30123e-47
562.583	9.39244e-47
562.629	9.52792e-47
562.675	9.66364e-47
562.72	9.60362e-47
562.767	9.89577e-47
562.812	9.91271e-47
562.858	9.98567e-47
562.904	1.00303e-46
562.949	1.02324e-46
562.996	1.01356e-46
563.041	1.02853e-46
563.087	1.04782e-46
563.133	1.06109e-46
563.178	1.0581e-46
563.224	1.07737e-46
563.27	1.10169e-46
563.316	1.09834e-46
563.362	1.1172e-46
563.407	1.1416e-46
563.453	1.1371e-46
563.499	1.15257e-46
563.544	1.17694e-46
563.59	1.18381e-46
563.636	1.20255e-46
563.682	1.22057e-46
563.728	1.21792e-46
563.773	1.21807e-46
563.819	1.25013e-46
563.865	1.26505e-46
563.911	1.26633e-46
563.956	1.28666e-46
564.002	1.29429e-46
564.048	1.29628e-46
564.093	1.30789e-46
564.139	1.34134e-46
564.185	1.3735e-46
564.23	1.3775e-46
564.276	1.38676e-46
564.322	1.41014e-46
564.367	1.4103e-46
564.414	1.43201e-46
564.459	1.42577e-46
564.504	1.43496e-46
564.551	1.45436e-46
564.596	1.48707e-46
564.641	1.49963e-46
564.688	1.51117e-46
564.733	1.52361e-46
564.778	1.5481e-46
564.825	1.53994e-46
564.87	1.58179e-46
564.915	1.59568e-46
564.962	1.60921e-46
565.007	1.60295e-46
565.052	1.63287e-46
565.098	1.64281e-46
565.144	1.6772e-46
565.189	1.69875e-46
565.235	1.70692e-46
565.281	1.7205e-46
565.326	1.76107e-46
565.372	1.75174e-46
565.417	1.77288e-46
565.463	1.79786e-46
565.509	1.81721e-46
565.554	1.84532e-46
565.599	1.86172e-46
565.646	1.87403e-46
565.691	1.89198e-46
565.736	1.93108e-46
565.782	1.949e-46
565.828	1.96089e-46
565.873	1.98291e-46
565.919	2.0061e-46
565.964	2.04157e-46
566.01	2.04714e-46
566.056	2.07689e-46
566.101	2.0896e-46
566.146	2.11661e-46
566.192	2.16209e-46
566.238	2.17478e-46
566.283	2.1878e-46
566.328	2.20278e-46
566.374	2.22506e-46
566.42	2.25365e-46
566.465	2.28115e-46
566.511	2.2926e-46
566.556	2.30153e-46
566.601	2.33805e-46
566.647	2.36916e-46
566.693	2.38832e-46
566.738	2.42055e-46
566.783	2.44362e-46
566.829	2.45178e-46
566.874	2.50312e-46
566.92	2.53361e-46
566.965	2.55721e-46
567.011	2.60479e-46
567.056	2.61795e-46
567.101	2.63558e-46
567.147	2.64759e-46
567.193	2.69447e-46
567.238	2.74773e-46
567.283	2.74707e-46
567.329	2.7703e-46
567.374	2.81129e-46
567.419	2.84283e-46
567.465	2.84065e-46
567.511	2.881e-46
567.556	2.91906e-46
567.601	2.97106e-46
567.647	2.97053e-46
567.692	3.01854e-46
567.737	3.04923e-46
567.782	3.08867e-46
567.828	3.11952e-46
567.874	3.15475e-46
567.919	3.15916e-46
567.964	3.22105e-46
568.01	3.23884e-46
568.055	3.25881e-46
568.1	3.29782e-46
568.145	3.33758e-46
568.191	3.36107e-46
568.236	3.41827e-46
568.281	3.44064e-46
568.327	3.48907e-46
568.373	3.51077e-46
568.418	3.53235e-46
568.463	3.57355e-46
568.508	3.59352e-46
568.554	3.63512e-46
568.599	3.66701e-46
568.644	3.70485e-46
568.689	3.71913e-46
568.735	3.78357e-46
568.78	3.83039e-46
568.825	3.85301e-46
568.87	3.88818e-46
568.915	3.91633e-46
568.961	3.97236e-46
569.006	3.99834e-46
569.052	4.03886e-46
569.097	4.10287e-46
569.143	4.11756e-46
569.188	4.14996e-46
569.233	4.19505e-46
569.278	4.23308e-46
569.323	4.25953e-46
569.369	4.31247e-46
569.414	4.38276e-46
569.459	4.39041e-46
569.504	4.44127e-46
569.549	4.49452e-46
569.595	4.53848e-46
569.64	4.56908e-46
569.685	4.6246e-46
569.73	4.66177e-46
569.776	4.7024e-46
569.821	4.76572e-46
569.866	4.80737e-46
569.911	4.83662e-46
569.956	4.88575e-46
570.002	4.93232e-46
570.047	4.96875e-46
570.092	5.01095e-46
570.137	5.05698e-46
570.182	5.09916e-46
570.227	5.15466e-46
570.273	5.2155e-46
570.318	5.23048e-46
570.363	5.30841e-46
570.408	5.34896e-46
570.453	5.37931e-46
570.499	5.43623e-46
570.544	5.4987e-46
570.589	5.54041e-46
570.634	5.58347e-46
570.679	5.62619e-46
570.724	5.69136e-46
570.77	5.73716e-46
570.815	5.78674e-46
570.86	5.82063e-46
570.904	5.87947e-46
570.949	5.91904e-46
570.994	5.97151e-46
571.04	6.0355e-46
571.085	6.0848e-46
571.13	6.1285e-46
571.175	6.19277e-46
571.22	6.23345e-46
571.265	6.28036e-46
571.311	6.31965e-46
571.356	6.37989e-46
571.401	6.43492e-46
571.446	6.47088e-46
571.491	6.52311e-46
571.536	6.56417e-46
571.581	6.6161e-46
571.627	6.66394e-46
571.672	6.73283e-46
571.717	6.78457e-46
571.762	6.84621e-46
571.807	6.87462e-46
571.851	6.90321e-46
571.896	6.97412e-46
571.942	7.03368e-46
571.987	7.0711e-46
572.032	7.12106e-46
572.077	7.15517e-46
572.122	7.21394e-46
572.167	7.25036e-46
572.212	7.3193e-46
572.258	7.36362e-46
572.303	7.40827e-46
572.348	7.46272e-46
572.393	7.51812e-46
572.438	7.56918e-46
572.483	7.62521e-46
572.528	7.66544e-46
572.573	7.72577e-46
572.618	7.78541e-46
572.663	7.82374e-46
572.708	7.90412e-46
572.753	7.94119e-46
572.798	7.98428e-46
572.843	8.05734e-46
572.888	8.0934e-46
572.933	8.1481e-46
572.978	8.19931e-46
573.024	8.23764e-46
573.069	8.26293e-46
573.114	8.33424e-46
573.159	8.37068e-46
573.204	8.43315e-46
573.249	8.49291e-46
573.293	8.52097e-46
573.338	8.58688e-46
573.383	8.65364e-46
573.428	8.70792e-46
573.474	8.70763e-46
573.519	8.77655e-46
573.564	8.83363e-46
573.609	8.86186e-46
573.654	8.92419e-46
573.699	8.97367e-46
573.744	9.01098e-46
573.789	9.05059e-46
573.834	9.10151e-46
573.879	9.15106e-46
573.924	9.22169e-46
573.969	9.25888e-46
574.014	9.29462e-46
574.059	9.33268e-46
574.104	9.37354e-46
574.149	9.42665e-46
574.194	9.46449e-46
574.239	9.53196e-46
574.284	9.55466e-46
574.329	9.58829e-46
574.374	9.65593e-46
574.419	9.69549e-46
574.464	9.73662e-46
574.509	9.76183e-46
574.554	9.81166e-46
574.599	9.84379e-46
574.644	9.88125e-46
574.69	9.93744e-46
574.735	9.9561e-46
574.78	1.00063e-45
574.825	1.00389e-45
574.87	1.00849e-45
574.914	1.01089e-45
574.959	1.01562e-45
575.004	1.01895e-45
575.049	1.02079e-45
575.094	1.02773e-45
575.139	1.03097e-45
575.184	1.03608e-45
575.229	1.03693e-45
575.274	1.04203e-45
575.319	1.04587e-45
575.364	1.04924e-45
575.409	1.0518e-45
575.454	1.05656e-45
575.499	1.0594e-45
575.544	1.05932e-45
575.589	1.06404e-45
575.634	1.06561e-45
575.679	1.06942e-45
575.724	1.07048e-45
575.769	1.07342e-45
575.815	1.07634e-45
575.86	1.07955e-45
575.905	1.08214e-45
575.95	1.08846e-45
575.995	1.08972e-45
576.04	1.08975e-45
576.085	1.09296e-45
576.13	1.09561e-45
576.175	1.09858e-45
576.22	1.10074e-45
576.265	1.10328e-45
576.31	1.10685e-45
576.355	1.10658e-45
576.4	1.11103e-45
576.445	1.1121e-45
576.49	1.11335e-45
576.535	1.11488e-45
576.58	1.11812e-45
576.625	1.11742e-45
576.67	1.122e-45
576.715	1.12346e-45
576.76	1.12573e-45
576.805	1.13008e-45
576.85	1.12894e-45
576.895	1.13155e-45
576.94	1.13525e-45
576.985	1.13461e-45
577.03	1.13436e-45
577.075	1.1366e-45
577.12	1.13989e-45
577.165	1.13943e-45
577.21	1.13935e-45
577.255	1.14366e-45
577.3	1.14326e-45
577.345	1.14462e-45
577.389	1.14179e-45
577.434	1.14356e-45
577.479	1.14501e-45
577.524	1.14714e-45
577.569	1.14682e-45
577.614	1.1443e-45
577.659	1.14605e-45
577.704	1.14508e-45
577.749	1.14502e-45
577.794	1.14551e-45
577.839	1.14653e-45
577.884	1.14493e-45
577.929	1.14379e-45
577.974	1.14272e-45
578.019	1.14095e-45
578.064	1.13442e-45
578.109	1.13305e-45
578.154	1.13483e-45
578.199	1.12742e-45
578.244	1.13088e-45
578.289	1.12799e-45
578.335	1.12377e-45
578.38	1.11961e-45
578.425	1.11934e-45
578.47	1.11385e-45
578.514	1.10726e-45
578.559	1.10299e-45
578.604	1.099e-45
578.649	1.10012e-45
578.694	1.09177e-45
578.739	1.08654e-45
578.784	1.08129e-45
578.829	1.07441e-45
578.874	1.06461e-45
578.919	1.06077e-45
578.964	1.05458e-45
579.009	1.04349e-45
579.054	1.03954e-45
579.099	1.03289e-45
579.144	1.02431e-45
579.188	1.01371e-45
579.234	1.00534e-45
579.279	9.98594e-46
579.324	9.91421e-46
579.369	9.77519e-46
579.414	9.72865e-46
579.459	9.62469e-46
579.504	9.54758e-46
579.549	9.40878e-46
579.594	9.34571e-46
579.639	9.22244e-46
579.684	9.09563e-46
579.728	9.02804e-46
579.773	8.88687e-46
579.818	8.80864e-46
579.863	8.67188e-46
579.908	8.60458e-46
579.953	8.42033e-46
579.998	8.36237e-46
580.043	8.22919e-46
580.089	8.12889e-46
580.134	8.05371e-46
580.178	7.94811e-46
580.223	7.8276e-46
580.268	7.70129e-46
580.313	7.5804e-46
580.358	7.49387e-46
580.403	7.41301e-46
580.448	7.25194e-46
580.493	7.21381e-46
580.538	7.10073e-46
580.582	6.96495e-46
580.627	6.91492e-46
580.672	6.79663e-46
580.717	6.69781e-46
580.762	6.60479e-46
580.807	6.48031e-46
580.852	6.40414e-46
580.897	6.31533e-46
580.941	6.21847e-46
580.986	6.15074e-46
581.032	6.04772e-46
581.077	5.933e-46
581.122	5.88619e-46
581.167	5.79299e-46
581.212	5.71062e-46
581.257	5.64654e-46
581.301	5.53851e-46
581.346	5.52619e-46
581.391	5.36845e-46
581.436	5.29595e-46
581.481	5.23311e-46
581.526	5.18432e-46
581.571	5.10119e-46
581.615	5.02204e-46
581.66	4.96345e-46
581.705	4.85179e-46
581.75	4.76874e-46
581.795	4.71244e-46
581.84	4.65554e-46
581.884	4.60736e-46
581.929	4.53024e-46
581.974	4.4546e-46
582.019	4.36965e-46
582.064	4.31726e-46
582.109	4.24323e-46
582.154	4.17151e-46
582.198	4.12347e-46
582.243	4.05404e-46
582.288	4.00298e-46
582.333	3.94164e-46
582.378	3.88433e-46
582.422	3.81943e-46
582.467	3.75775e-46
582.512	3.69579e-46
582.557	3.62534e-46
582.602	3.60132e-46
582.647	3.54543e-46
582.69	3.49059e-46
582.735	3.46714e-46
582.78	3.40557e-46
582.825	3.33885e-46
582.87	3.28543e-46
582.915	3.24068e-46
582.959	3.20864e-46
583.004	3.13403e-46
583.049	3.10576e-46
583.094	3.04568e-46
583.139	3.00953e-46
583.183	2.97516e-46
583.228	2.93812e-46
583.273	2.8729e-46
583.317	2.83875e-46
583.362	2.79569e-46
583.406	2.7624e-46
583.451	2.71372e-46
583.496	2.67823e-46
583.541	2.63436e-46
583.586	2.57992e-46
583.63	2.55323e-46
583.675	2.52903e-46
583.719	2.4752e-46
583.764	2.43872e-46
583.808	2.40708e-46
583.853	2.36829e-46
583.898	2.32058e-46
583.943	2.29264e-46
583.987	2.25446e-46
584.031	2.22895e-46
584.076	2.20234e-46
584.121	2.15515e-46
584.166	2.13309e-46
584.211	2.11851e-46
584.254	2.06699e-46
584.299	2.03523e-46
584.344	1.99156e-46
584.389	1.98097e-46
584.432	1.95524e-46
584.477	1.89518e-46
584.522	1.87553e-46
584.567	1.86443e-46
584.611	1.83492e-46
584.655	1.80362e-46
584.7	1.76077e-46
584.745	1.7518e-46
584.789	1.70731e-46
584.833	1.6814e-46
584.878	1.66634e-46
584.923	1.63324e-46
584.966	1.61266e-46
585.011	1.57605e-46
585.056	1.56698e-46
585.101	1.52904e-46
585.144	1.5089e-46
585.189	1.48652e-46
585.234	1.47147e-46
585.278	1.43048e-46
585.322	1.41269e-46
585.367	1.38457e-46
585.411	1.37887e-46
585.456	1.35039e-46
585.499	1.33306e-46
585.544	1.31922e-46
585.589	1.30909e-46
585.633	1.25833e-46
585.677	1.24141e-46
585.722	1.22412e-46
585.766	1.23134e-46
585.811	1.19583e-46
585.854	1.17042e-46
585.899	1.14463e-46
585.944	1.13888e-46
585.987	1.10563e-46
586.032	1.08507e-46
586.076	1.08559e-46
586.121	1.0506e-46
586.164	1.04278e-46
586.209	1.00394e-46
586.253	9.94966e-47
586.297	9.82284e-47
586.341	9.71158e-47
586.386	9.50712e-47
586.43	9.29572e-47
586.474	9.24252e-47
586.518	9.08242e-47
586.563	8.83421e-47
586.606	8.82778e-47
586.651	8.59153e-47
586.695	8.62389e-47
586.739	8.29321e-47
586.783	8.41596e-47
586.828	8.04499e-47
586.872	8.05224e-47
586.915	7.78592e-47
586.96	7.64092e-47
587.004	7.37128e-47
587.048	7.56187e-47
587.092	7.43605e-47
587.136	6.89568e-47
587.18	6.88546e-47
587.224	6.85262e-47
587.268	6.65902e-47
587.312	6.63258e-47
587.356	6.48126e-47
587.401	6.31746e-47
587.444	6.12889e-47
587.488	6.04595e-47
587.533	6.05831e-47
587.577	5.7879e-47
587.62	5.65368e-47
587.664	5.69341e-47
587.709	5.63115e-47
587.752	5.1747e-47
587.796	5.29017e-47
587.841	5.10941e-47
587.884	4.94459e-47
587.928	4.90099e-47
587.972	4.80202e-47
588.016	4.60295e-47
588.06	4.67015e-47
588.103	4.53874e-47
588.147	3.92975e-47
588.192	3.81532e-47
588.235	3.46047e-47
588.279	3.54403e-47
588.323	3.53495e-47
588.366	3.54601e-47
588.411	3.37033e-47
588.455	2.8493e-47
588.498	3.08737e-47
588.542	2.94568e-47
588.586	2.87135e-47
588.63	2.9681e-47
588.674	3.13963e-47
588.718	2.85147e-47
588.761	2.77515e-47
588.805	2.47454e-47
588.848	2.39197e-47
588.892	2.43669e-47
588.937	2.48047e-47
588.98	2.19174e-47
589.024	2.5011e-47
589.068	2.01358e-47
589.111	2.59138e-47
589.155	1.8188e-47
589.198	2.19387e-47
589.242	2.19407e-47
589.287	1.92076e-47
589.33	1.92152e-47
589.374	1.85724e-47
589.418	1.89666e-47
589.461	1.65283e-47
589.505	1.66312e-47
589.548	1.40971e-47
589.592	1.35881e-47
589.636	1.39303e-47
589.679	1.38265e-47
589.723	1.46092e-47
589.766	1.22225e-47
589.811	1.47751e-47
589.855	1.20346e-47
589.898	1.22101e-47
589.942	1.20452e-47
589.986	1.07285e-47
590.029	9.31829e-48
590.073	8.39414e-48
590.116	9.53614e-48
590.16	7.28289e-48
590.203	8.54863e-48
590.247	6.40258e-48
590.291	7.86003e-48
590.334	8.72961e-48
590.378	5.90145e-48
590.421	6.33882e-48
590.465	6.50666e-48
590.509	7.30779e-48
590.553	5.3162e-48
590.597	6.01159e-48
590.64	7.03843e-48
590.684	5.94641e-48
590.728	2.74155e-48
590.771	5.73273e-48
590.815	4.03918e-48
590.858	6.90525e-48
590.902	4.58888e-48
590.945	3.70645e-48
590.989	3.92504e-48
591.033	5.15144e-48
591.077	2.55452e-48
591.121	2.78536e-48
591.164	4.86354e-48
591.208	3.0147e-48
591.251	3.32587e-48
591.295	1.18033e-48
591.338	-7.15705e-49
591.382	1.44879e-48
591.427	3.09942e-49
591.47	1.76612e-48
591.514	2.22141e-48
591.557	2.28356e-48
591.601	1.04989e-48
591.644	-3.44102e-49
591.689	-2.54815e-48
591.732	2.74886e-49
591.776	9.24854e-49
591.82	2.36176e-48
591.864	-2.12287e-48
591.908	-2.96013e-48
591.951	-3.00683e-48
591.995	-2.99061e-48
592.039	7.23299e-49
592.083	7.82502e-49
592.126	-1.98598e-49
592.171	-7.87099e-49
592.214	-3.06194e-48
592.258	-3.95334e-48
592.302	-4.23831e-50
592.346	-2.02984e-48
592.389	2.06403e-48
592.434	-3.48478e-48
592.478	-1.00661e-48
592.522	-3.11564e-48
592.566	-3.05157e-48
592.61	-4.75204e-48
592.654	-6.09385e-48
592.698	-2.58745e-48
592.742	-2.68629e-49
592.786	-2.40507e-48
592.83	-3.06981e-48
592.874	-2.65309e-48
592.919	-5.10653e-51
592.962	-3.86984e-48
593.007	-3.27604e-48
593.051	-1.25168e-48
593.095	-5.06037e-48
593.139	-1.55166e-48
593.184	-2.14839e-48
593.228	-5.37522e-48
593.273	-5.44854e-48
593.316	-3.9614e-48
593.361	-1.29466e-48
593.405	-5.81977e-49
593.45	6.66028e-49
593.494	-5.4511e-48
593.539	-4.73477e-48
593.583	-2.8896e-48
593.628	-9.42058e-49
593.672	-3.66124e-48
593.717	-2.36224e-48
593.762	-3.95721e-48
593.807	-2.82912e-48
593.851	-2.93645e-48
593.896	-3.24951e-48
593.941	-6.08287e-48
593.986	-5.70111e-48
594.03	-5.1095e-48
594.076	-4.0769e-48
594.12	-4.14076e-48
594.165	-4.01498e-49
594.21	-3.69365e-48
594.255	-3.59935e-48
594.3	-1.6057e-48
594.345	-4.45864e-48
594.391	-3.29976e-48
594.435	-1.9094e-48
594.481	-2.53674e-48
594.526	-8.75927e-49
594.572	-1.72375e-48
594.617	-2.86623e-48
594.663	3.29728e-49
594.708	7.49326e-49
594.754	-2.09002e-48
594.799	-1.58325e-48
594.844	2.45315e-48
594.89	9.09217e-49
594.936	-2.65312e-48
594.982	-7.39949e-50
595.027	-1.46111e-48
595.074	-1.02612e-48
595.119	-1.46723e-48
595.166	-2.58425e-49
595.212	-2.40959e-48
595.257	-1.99974e-48
595.304	-1.91475e-48
595.35	-5.00464e-50
595.397	-1.94264e-48
595.443	-8.36559e-49
595.49	-3.97818e-49
595.536	8.32199e-49
595.583	-6.55607e-49
595.629	1.38947e-48
595.675	-9.15538e-49
595.723	-1.03919e-48
595.769	1.54768e-48
595.816	-1.02334e-48
595.863	-1.73929e-48
595.911	-1.12038e-48
595.957	1.82282e-48
	

