# Flat spectrum for 00
# Wavelength,        Flat Response
3.059899902000000225e+02 1.011921150003270098e+00
3.060700072999999861e+02 1.040418466683489473e+00
3.061499939000000268e+02 1.042799240169490105e+00
3.062399902000000225e+02 9.899810644187529984e-01
3.063200072999999861e+02 9.855529351261366200e-01
3.063999939000000268e+02 9.874664953624163743e-01
3.064800109999999904e+02 1.000104143703341775e+00
3.065700072999999861e+02 9.905176907636414896e-01
3.066499939000000268e+02 9.931135847146588258e-01
3.067300109999999904e+02 1.003259100621278099e+00
3.068099975999999742e+02 9.777287989591427753e-01
3.068999939000000268e+02 1.002430798718958904e+00
3.069800109999999904e+02 1.023952236617141409e+00
3.070599975999999742e+02 1.005822143979828276e+00
3.071400145999999722e+02 1.006717839142749149e+00
3.072200012000000129e+02 1.003341869716015911e+00
3.073099975999999742e+02 9.789334273616320248e-01
3.073900145999999722e+02 1.003489084469254333e+00
3.074700012000000129e+02 9.897044739542127934e-01
3.075499877999999967e+02 1.009020688343039485e+00
3.076400145999999722e+02 9.879620365132439908e-01
3.077200012000000129e+02 9.949374826034629304e-01
3.077999877999999967e+02 9.902219743025401089e-01
3.078800049000000172e+02 9.892547780594784790e-01
3.079599915000000010e+02 9.838019872537284716e-01
3.080499877999999967e+02 9.985760888002757074e-01
3.081300049000000172e+02 9.775476758244118214e-01
3.082099915000000010e+02 9.702853793517722814e-01
3.082900084999999990e+02 9.481740256641726372e-01
3.083699950999999828e+02 9.675972162794662657e-01
3.084599915000000010e+02 9.680997020354243920e-01
3.085400084999999990e+02 1.008098785318868318e+00
3.086199950999999828e+02 1.029772363902171417e+00
3.087000122000000033e+02 1.015976329866575378e+00
3.087799987999999871e+02 9.856517609537140956e-01
3.088699950999999828e+02 9.851495516164903155e-01
3.089500122000000033e+02 1.021462258396216516e+00
3.090299987999999871e+02 1.007593083181174132e+00
3.091099854000000278e+02 1.010883598084463930e+00
3.091900024000000258e+02 1.019073137690789554e+00
3.092799987999999871e+02 1.028813265788830922e+00
3.093599854000000278e+02 1.024326028273112588e+00
3.094400024000000258e+02 1.031687735558124874e+00
3.095199890000000096e+02 1.031515815836044903e+00
3.096000060999999732e+02 1.007197303778603947e+00
3.096799927000000139e+02 9.784690387459749061e-01
3.097699890000000096e+02 9.658343659657784297e-01
3.098500060999999732e+02 9.695140146357714706e-01
3.099299927000000139e+02 9.977676253528086070e-01
3.100100097999999775e+02 9.988782234400522819e-01
3.100899962999999957e+02 1.007700994694034957e+00
3.101700134000000162e+02 1.010881549115427713e+00
3.102600097999999775e+02 1.009431433483590768e+00
3.103399962999999957e+02 1.038893224354372924e+00
3.104200134000000162e+02 1.030286977424714978e+00
3.105000000000000000e+02 1.034062849642346071e+00
3.105799865999999838e+02 1.011326470048328208e+00
3.106700134000000162e+02 1.025468261491516042e+00
3.107500000000000000e+02 1.022435327966649377e+00
3.108299865999999838e+02 1.024887702815997281e+00
3.109100037000000043e+02 1.023587809887342992e+00
3.109899902000000225e+02 1.016631909691683378e+00
3.110700072999999861e+02 1.014502892367502351e+00
3.111499939000000268e+02 1.026565440152779285e+00
3.112399902000000225e+02 1.005647096795367457e+00
3.113200072999999861e+02 1.005384723039530526e+00
3.113999939000000268e+02 9.946045700982998339e-01
3.114800109999999904e+02 1.008145431187501329e+00
3.115599975999999742e+02 1.008379750391796170e+00
3.116400145999999722e+02 9.918252029747521847e-01
3.117300109999999904e+02 9.846869038360615001e-01
3.118099975999999742e+02 9.754876469048349152e-01
3.118900145999999722e+02 9.735417920884132936e-01
3.119700012000000129e+02 1.015390165246162768e+00
3.120499877999999967e+02 9.806076803341275960e-01
3.121300049000000172e+02 9.840069187021331931e-01
3.122099915000000010e+02 1.024262639574231581e+00
3.122999877999999967e+02 1.018579465715791610e+00
3.123800049000000172e+02 9.999919243281988335e-01
3.124599915000000010e+02 9.842439906827761265e-01
3.125400084999999990e+02 9.810628947303060565e-01
3.126199950999999828e+02 9.875454361221576161e-01
3.127000122000000033e+02 9.960607347081555929e-01
3.127799987999999871e+02 9.695998539836913066e-01
3.128599854000000278e+02 9.937787480051066824e-01
3.129500122000000033e+02 9.812107503567277789e-01
3.130299987999999871e+02 1.007755107404825212e+00
3.131099854000000278e+02 1.007200022486822055e+00
3.131900024000000258e+02 1.000985827757950863e+00
3.132699890000000096e+02 9.843218726399627361e-01
3.133500060999999732e+02 1.001448350902959250e+00
3.134299927000000139e+02 9.897548550370743881e-01
3.135100097999999775e+02 9.853525261101131472e-01
3.136000060999999732e+02 9.829882578748843081e-01
3.136799927000000139e+02 9.939505930819901858e-01
3.137600097999999775e+02 1.024713389927448759e+00
3.138399962999999957e+02 1.036750420327025690e+00
3.139200134000000162e+02 1.024193410822419992e+00
3.140000000000000000e+02 1.009191922067423697e+00
3.140799865999999838e+02 9.859499820003204684e-01
3.141600037000000043e+02 9.864346888022816895e-01
3.142399902000000225e+02 9.933831811602829021e-01
3.143299865999999838e+02 9.707869756962961283e-01
3.144100037000000043e+02 9.807412216066057065e-01
3.144899902000000225e+02 9.764416599102471173e-01
3.145700072999999861e+02 9.915022702914374486e-01
3.146499939000000268e+02 9.799737850228333880e-01
3.147300109999999904e+02 9.882536595538782276e-01
3.148099975999999742e+02 9.960669983701605501e-01
3.148900145999999722e+02 9.849497393737075557e-01
3.149700012000000129e+02 9.934991945847215788e-01
3.150499877999999967e+02 9.930937244453249546e-01
3.151400145999999722e+02 9.888217908729886041e-01
3.152200012000000129e+02 9.941001391956038047e-01
3.152999877999999967e+02 1.006419419931652071e+00
3.153800049000000172e+02 1.018792125627127065e+00
3.154599915000000010e+02 9.743089413132801635e-01
3.155400084999999990e+02 9.796296573120280016e-01
3.156199950999999828e+02 9.845311573561764673e-01
3.157000122000000033e+02 9.787186937596252800e-01
3.157799987999999871e+02 9.871878452413215266e-01
3.158599854000000278e+02 9.728992745133351328e-01
3.159400024000000258e+02 9.675272145179032446e-01
3.160199890000000096e+02 9.951682613757448781e-01
3.161099854000000278e+02 1.017432456164462540e+00
3.161900024000000258e+02 1.036903060035756940e+00
3.162699890000000096e+02 1.043304869232791754e+00
3.163500060999999732e+02 1.044485397250388692e+00
3.164299927000000139e+02 1.017165021752867382e+00
3.165100097999999775e+02 1.004947484076444741e+00
3.165899962999999957e+02 1.010330950462306365e+00
3.166700134000000162e+02 1.025105468999562897e+00
3.167500000000000000e+02 1.040503136193588585e+00
3.168299865999999838e+02 1.049500037001889652e+00
3.169100037000000043e+02 1.010163203380701979e+00
3.169899902000000225e+02 9.922347947567541349e-01
3.170700072999999861e+02 1.007340907203200020e+00
3.171499939000000268e+02 9.960887330309550203e-01
3.172300109999999904e+02 1.012736151712154031e+00
3.173200072999999861e+02 1.006474412032867694e+00
3.173999939000000268e+02 1.004993987442895254e+00
3.174800109999999904e+02 1.048249937109093421e+00
3.175599975999999742e+02 1.020178115786397166e+00
3.176400145999999722e+02 1.015507875181319797e+00
3.177200012000000129e+02 1.023588381078879062e+00
3.177999877999999967e+02 9.921505533115755338e-01
3.178800049000000172e+02 9.690358512335520702e-01
3.179599915000000010e+02 9.697478070126286376e-01
3.180400084999999990e+02 9.700645626273087796e-01
3.181199950999999828e+02 9.978532373475283990e-01
3.182000122000000033e+02 1.002626976627829736e+00
3.182799987999999871e+02 9.998143487275161778e-01
3.183599854000000278e+02 9.928743549034579896e-01
3.184400024000000258e+02 9.927333919884074875e-01
3.185199890000000096e+02 1.001877167668046908e+00
3.186000060999999732e+02 1.000371038864664497e+00
3.186799927000000139e+02 1.002132844582824367e+00
3.187600097999999775e+02 1.042334198308393800e+00
3.188399962999999957e+02 1.021478332111504628e+00
3.189200134000000162e+02 1.011836048988967285e+00
3.190000000000000000e+02 1.006400448481704402e+00
3.190799865999999838e+02 1.001942240706876541e+00
3.191600037000000043e+02 9.787046634944094325e-01
3.192399902000000225e+02 1.013426748056414084e+00
3.193200072999999861e+02 9.914025518821485417e-01
3.194100037000000043e+02 9.838177639609417824e-01
3.194899902000000225e+02 9.777641753845881523e-01
3.195700072999999861e+02 9.794037144182886623e-01
3.196499939000000268e+02 9.888317845489559277e-01
3.197300109999999904e+02 9.687772983681168792e-01
3.198099975999999742e+02 9.942887598775128621e-01
3.198900145999999722e+02 1.006565958895440760e+00
3.199700012000000129e+02 1.034448797108443951e+00
