3.010147396192481324e+02 1.003291883427107845e+00
3.010923955537123788e+02 1.001916779746848452e+00
3.011700410358025124e+02 1.002371378081046815e+00
3.012476760655184194e+02 1.005071008229080576e+00
3.013253006428600997e+02 1.004495494119243881e+00
3.014029147678276104e+02 9.969737268693832366e-01
3.014805184404209513e+02 1.003516601119312401e+00
3.015581116606400087e+02 9.965442421069148349e-01
3.016356944284848964e+02 9.933189861519352570e-01
3.017132667439556144e+02 9.937879012296848558e-01
3.017908286070521058e+02 9.966187013847097598e-01
3.018683800177744274e+02 9.987625536777638979e-01
3.019459209761225225e+02 9.955852962393090255e-01
3.020234514820964478e+02 9.969987608120221001e-01
3.021009715356961465e+02 9.975304154996589290e-01
3.021784811369216186e+02 9.939485325246367742e-01
3.022559802857729210e+02 9.985732289217745805e-01
3.023334689822500536e+02 9.951516899762322677e-01
3.024109472263529028e+02 1.004874563519654540e+00
3.024884150180815823e+02 1.005145810374492354e+00
3.025658723574360920e+02 1.004192607409605031e+00
3.026433192444164320e+02 9.939694284904210253e-01
3.027207556790224885e+02 1.006237028808026679e+00
3.027981816612543753e+02 9.916877713040571640e-01
3.028755971911121492e+02 1.000382979509826242e+00
3.029530022685956396e+02 1.005200256520997426e+00
3.030303968937049035e+02 1.002861461236661089e+00
3.031077810664399976e+02 1.008155270585452623e+00
3.031851547868009220e+02 1.003082146451475642e+00
3.032625180547876198e+02 1.007255555000105884e+00
3.033398708704000910e+02 9.992946567708027583e-01
3.034172132336383925e+02 9.981304705786657738e-01
3.034945451445025242e+02 9.978128037998331701e-01
3.035718666029924293e+02 1.000173043605082190e+00
3.036491776091081078e+02 1.002813175068756335e+00
3.037264781628496166e+02 9.970985683994688653e-01
3.038037682642168988e+02 9.941817029373689607e-01
3.038810479132100113e+02 9.950608236480457114e-01
3.039583171098288972e+02 1.002606112888021928e+00
3.040355758540736133e+02 9.987827373516374729e-01
3.041128241459441028e+02 1.004041669012406324e+00
3.041900619854404226e+02 1.010047500151883382e+00
3.042672893725625158e+02 9.958370168291035274e-01
3.043445063073104393e+02 1.006351675303637228e+00
3.044217127896841362e+02 1.005462410719787147e+00
3.044989088196836065e+02 9.992459494012638777e-01
3.045760943973089638e+02 1.005805534873016160e+00
3.046532695225600378e+02 9.933997508654389685e-01
3.047304341954368851e+02 9.996506817311709980e-01
3.048075884159396196e+02 1.005817112229356880e+00
3.048847321840681275e+02 1.001228157678537123e+00
3.049618654998224088e+02 9.961615324873184241e-01
3.050389883632025203e+02 1.011072434865490699e+00
3.051161007742084053e+02 9.973845024423818595e-01
3.051932027328401205e+02 9.956546023376271481e-01
3.052702942390976091e+02 9.987474872015604799e-01
3.053473752929809280e+02 9.962685537992419516e-01
3.054244458944900202e+02 9.934054530269426087e-01
3.055015060436249428e+02 9.890086040368470943e-01
3.055785557403856387e+02 9.959770702304823198e-01
3.056555949847721081e+02 9.991577321393343425e-01
3.057326237767844646e+02 1.000800943984464286e+00
3.058096421164225376e+02 9.925030386771609425e-01
3.058866500036863840e+02 9.913620587416767105e-01
3.059636474385761176e+02 9.970018550948192004e-01
3.060406344210916245e+02 1.002730245680245158e+00
3.061176109512329049e+02 9.995858533105247412e-01
3.061945770290000155e+02 9.916715651548511090e-01
3.062715326543929564e+02 9.927767621499660189e-01
3.063484778274116138e+02 1.002999330903254105e+00
3.064254125480561015e+02 1.001395624974006804e+00
3.065023368163264195e+02 1.008232427159603262e+00
3.065792506322225108e+02 1.004316515844767999e+00
3.066561539957444325e+02 1.000090300296729406e+00
3.067330469068921275e+02 1.008251675722492191e+00
3.068099293656655959e+02 1.003277799191526487e+00
3.068868013720649515e+02 9.976320292968496872e-01
3.069636629260900236e+02 1.003341047164716615e+00
3.070405140277409259e+02 1.005907666424463276e+00
3.071173546770176017e+02 1.009903339891709440e+00
3.071941848739201077e+02 1.010302921516814889e+00
3.072710046184483872e+02 1.006056194971067130e+00
3.073478139106024969e+02 1.002603542620631893e+00
3.074246127503824368e+02 9.976753321897348092e-01
3.075014011377880934e+02 1.003191010814252548e+00
3.075781790728195801e+02 1.005599700473256641e+00
3.076549465554768972e+02 9.991229757426758340e-01
3.077317035857600445e+02 9.969289570604396022e-01
3.078084501636689083e+02 1.001045018911751017e+00
3.078851862892036024e+02 1.003368568110263981e+00
3.079619119623640700e+02 1.002762834394577585e+00
3.080386271831504246e+02 9.946048584538779158e-01
3.081153319515624958e+02 1.008505213798478906e+00
3.081920262676003972e+02 9.928154218974766243e-01
3.082687101312641289e+02 9.942275748018865045e-01
3.083453835425536340e+02 9.987350251230828757e-01
3.084220465014689125e+02 9.896947832721348925e-01
3.084986990080099645e+02 9.957630446488234810e-01
3.085753410621769035e+02 9.968551134529344271e-01
3.086519726639696160e+02 1.006068508748894086e+00
3.087285938133881018e+02 9.910713389230207948e-01
3.088052045104323611e+02 9.975910496508921810e-01
3.088818047551025074e+02 9.968093931310375577e-01
3.089583945473984272e+02 1.004905731303355365e+00
3.090349738873201204e+02 1.000546605337778727e+00
3.091115427748676439e+02 1.001194295873780948e+00
3.091881012100409407e+02 9.995476791392924332e-01
3.092646491928400110e+02 9.950095634933063815e-01
3.093411867232649115e+02 1.002100897805245028e+00
3.094177138013156423e+02 9.939583721621924051e-01
3.094942304269920896e+02 1.003490543541714519e+00
3.095707366002944241e+02 9.970913556194865857e-01
3.096472323212224751e+02 9.978820491211404242e-01
3.097237175897764132e+02 1.000065886965690209e+00
3.098001924059561247e+02 1.002603229211213476e+00
3.098766567697616097e+02 1.006385380887585113e+00
3.099531106811929249e+02 9.981937444535697868e-01
3.100295541402500135e+02 9.973540652996215616e-01
3.101059871469329323e+02 1.004109202717883953e+00
3.101824097012415677e+02 9.992010647871090168e-01
3.102588218031761471e+02 9.963963296577654782e-01
3.103352234527364431e+02 9.971739847943016377e-01
3.104116146499225124e+02 9.971708821358170605e-01
3.104879953947344120e+02 1.000302795582694637e+00
3.105643656871721419e+02 1.004763886311991872e+00
3.106407255272355883e+02 9.969692437432688958e-01
3.107170749149249218e+02 1.001409374160669552e+00
3.107934138502400288e+02 9.997940111777972039e-01
3.108697423331809091e+02 1.000074236102587166e+00
3.109460603637476197e+02 9.903664920503070235e-01
3.110223679419401037e+02 9.977701577627623442e-01
3.110986650677584180e+02 1.006439621518999461e+00
3.111749517412025057e+02 9.997613879120145208e-01
3.112512279622724236e+02 1.000927839329996960e+00
3.113274937309680581e+02 9.944002083689797988e-01
3.114037490472896366e+02 1.000650503289783888e+00
3.114799939112369316e+02 9.964626175157901278e-01
3.115562283228100000e+02 1.003472552321226008e+00
3.116324522820089555e+02 9.981689839444252144e-01
3.117086657888336276e+02 9.998235052089757824e-01
3.117848688432841300e+02 1.002224166340634826e+00
3.118610614453604057e+02 9.866208652631476284e-01
3.119372435950625118e+02 1.001034580027170495e+00
3.120134152923903912e+02 9.914051336758739064e-01
3.120895765373441009e+02 1.003118589797331817e+00
3.121657273299235840e+02 1.000456984459441312e+00
3.122418676701289542e+02 1.007041008707388219e+00
3.123179975579599841e+02 1.005428643960651680e+00
3.123941169934169011e+02 1.000506647395889681e+00
3.124702259764996484e+02 1.005509103539159454e+00
3.125463245072081122e+02 1.001156189985042966e+00
3.126224125855424063e+02 1.003403179404966261e+00
3.126984902115024738e+02 9.979023204714529971e-01
3.127745573850884284e+02 1.008704001179032472e+00
3.128506141063000996e+02 1.002023090490060664e+00
3.129266603751376010e+02 9.912323766294679483e-01
3.130026961916008759e+02 1.001341705391595616e+00
3.130787215556900378e+02 1.004696309379194963e+00
3.131547364674049163e+02 1.001837935418693259e+00
3.132307409267455682e+02 1.001255848283561178e+00
3.133067349337121641e+02 9.969833979682297675e-01
3.133827184883044197e+02 1.001071270698134175e+00
3.134586915905225055e+02 1.004834437224926713e+00
3.135346542403663648e+02 9.873698319388358735e-01
3.136106064378361111e+02 1.002018623130278119e+00
3.136865481829316309e+02 1.011039903569896703e+00
3.137624794756529241e+02 9.993808165455233539e-01
3.138384003159999907e+02 9.966549356788471092e-01
3.139143107039729443e+02 1.003683396384951854e+00
3.139902106395716146e+02 1.000009700053538397e+00
3.140661001227961151e+02 9.926225527289949113e-01
3.141419791536464459e+02 9.951348052405994959e-01
3.142178477321225500e+02 1.003026787261795061e+00
3.142937058582244276e+02 1.001580360317258833e+00
3.143695535319520786e+02 1.000318189563883520e+00
3.144453907533056167e+02 1.008078387621356820e+00
3.145212175222849282e+02 1.001449175038535921e+00
3.145970338388900132e+02 9.957856056510381304e-01
3.146728397031208715e+02 1.002946788599093253e+00
3.147486351149776169e+02 9.941851040232705383e-01
3.148244200744601358e+02 1.002790232221490552e+00
3.149001945815683712e+02 9.930707615038322222e-01
3.149759586363025505e+02 9.963369235262560242e-01
3.150517122386624465e+02 1.004903914711665180e+00
3.151274553886481158e+02 1.004333968381638575e+00
3.152031880862596154e+02 1.004041036226223316e+00
3.152789103314969452e+02 9.985429671822110276e-01
3.153546221243599916e+02 1.000946012693836540e+00
3.154303234648489251e+02 1.002524191102053042e+00
3.155060143529635752e+02 9.963843493596554746e-01
3.155816947887041124e+02 1.002429609573613600e+00
3.156573647720704230e+02 9.962485609913258600e-01
3.157330243030625070e+02 1.001986710010118076e+00
3.158086733816804212e+02 1.000344838496189936e+00
3.158843120079241089e+02 9.986147543952990091e-01
3.159599401817936268e+02 9.952646008540291245e-01
3.160355579032889182e+02 1.002970231073241347e+00
3.161111651724100398e+02 1.006882590046128678e+00
3.161867619891569348e+02 9.949625939949902076e-01
3.162623483535296032e+02 1.001151126414553394e+00
3.163379242655281018e+02 1.002876370392283167e+00
3.164134897251524308e+02 1.007309521224590609e+00
3.164890447324025331e+02 9.954451903676370117e-01
3.165645892872784088e+02 1.000879891598269067e+00
3.166401233897801148e+02 9.967994780154775247e-01
3.167156470399076511e+02 9.984827966749449946e-01
3.167911602376609039e+02 9.937816444306980523e-01
3.168666629830399870e+02 1.001260525611517016e+00
3.169421552760449572e+02 1.003997170525927629e+00
3.170176371166756439e+02 1.004187814743145113e+00
3.170931085049321041e+02 1.003776157167859839e+00
3.171685694408143945e+02 9.994108353078507978e-01
3.172440199243225152e+02 1.005521849675484969e+00
3.173194599554564093e+02 9.995741463272175276e-01
3.173948895342160768e+02 1.005677628110162924e+00
3.174703086606016313e+02 9.961966393314545254e-01
3.175457173346129025e+02 9.927375789922174842e-01
3.176211155562500039e+02 1.000558418601786626e+00
3.176965033255128787e+02 9.993804000003544408e-01
3.177718806424016407e+02 1.002362128269518982e+00
3.178472475069161192e+02 1.010607395929917329e+00
3.179226039190564279e+02 9.949046214127456045e-01
3.179979498788225101e+02 9.968550160775700997e-01
3.180732853862144225e+02 1.003064878179722674e+00
3.181486104412321083e+02 9.987935830677836524e-01
3.182239250438756244e+02 9.981413926393433167e-01
3.182992291941449139e+02 9.977162817712658116e-01
3.183745228920400336e+02 9.974124563376387531e-01
3.184498061375609268e+02 9.996638623063531792e-01
3.185250789307075934e+02 9.952834178882172811e-01
3.186003412714801470e+02 9.971640659994202016e-01
3.186755931598784173e+02 9.987355213244555330e-01
3.187508345959025178e+02 9.977635411406600152e-01
3.188260655795523917e+02 9.931379700714545455e-01
3.189012861108281527e+02 9.976923190128819119e-01
3.189764961897296303e+02 1.000927579850174887e+00
3.190516958162568812e+02 9.990295044368583399e-01
3.191268849904100193e+02 9.923902010363340187e-01
3.192020637121889308e+02 9.947639324952992634e-01
3.192772319815936157e+02 1.001181472680727769e+00
3.193523897986240740e+02 1.000068064391737899e+00
3.194275371632804195e+02 9.936766783145081217e-01
3.195026740755625383e+02 1.002060228332797287e+00
3.195778005354704305e+02 1.006323695429871323e+00
3.196529165430040962e+02 9.977291226023572435e-01
3.197280220981636489e+02 1.006835506053098461e+00
3.198031172009489183e+02 1.003368498455595503e+00
3.198782018513600178e+02 1.003901450835908316e+00
3.199532760493969477e+02 1.006492906276714061e+00
