# Flat spectrum for USB2+H15972
# Wavelength(nm),        Flat Response
3.000299948636852037e+02 1.000746607139637812e+00
3.001182641031231810e+02 1.003689893001448397e+00
3.002065172911347872e+02 9.961990876496246150e-01
3.002947544277199654e+02 1.006603032490045457e+00
3.003829755128787724e+02 9.966358688247656250e-01
3.004711805466111514e+02 9.957957468083733499e-01
3.005593695289172160e+02 9.987339528934621180e-01
3.006475424597967390e+02 1.001385518267164265e+00
3.007356993392500044e+02 9.972310052542227021e-01
3.008238401672767282e+02 9.973993965252445637e-01
3.009119649438771944e+02 1.004207882309820166e+00
3.010000736690511758e+02 9.924138787965824937e-01
3.010881663427987860e+02 1.005954332051896660e+00
3.011762429651199682e+02 1.001677087382198961e+00
3.012643035360147792e+02 1.004887506591254143e+00
3.013523480554832190e+02 1.001180682967121260e+00
3.014403765235251740e+02 9.983363722659757133e-01
3.015283889401408146e+02 9.961250858833169408e-01
3.016163853053299704e+02 1.002081776519711642e+00
3.017043656190928118e+02 1.002007884666469950e+00
3.017923298814291684e+02 1.006248339637719313e+00
3.018802780923392106e+02 9.960950395858356732e-01
3.019682102518227680e+02 9.951528940230265352e-01
3.020561263598800110e+02 1.000837221486661432e+00
3.021440264165107692e+02 1.000019302400368959e+00
3.022319104217151562e+02 1.003471505221853466e+00
3.023197783754931720e+02 1.004806111690088599e+00
3.024076302778447598e+02 9.935581432498322707e-01
3.024954661287699196e+02 9.997304119515240117e-01
3.025832859282687650e+02 9.973568224972906293e-01
3.026710896763411824e+02 9.982047423950797249e-01
3.027588773729871718e+02 1.005416863380147685e+00
3.028466490182067901e+02 9.956171974499158361e-01
3.029344046119999803e+02 9.988076728682259153e-01
3.030221441543667993e+02 9.968645808520250062e-01
3.031098676453071334e+02 9.988159717681275307e-01
3.031975750848212101e+02 9.978749223921876688e-01
3.032852664729087451e+02 9.972485963136110687e-01
3.033729418095699657e+02 9.939508276778470375e-01
3.034606010948047583e+02 1.000010261256245592e+00
3.035482443286131797e+02 1.004971540022181475e+00
3.036358715109951731e+02 1.003673156550668022e+00
3.037234826419507954e+02 1.007277144215836362e+00
3.038110777214799327e+02 9.961720741820359049e-01
3.038986567495827558e+02 9.998446393010109734e-01
3.039862197262592076e+02 9.959549522856979697e-01
3.040737666515091746e+02 9.986074732774840035e-01
3.041612975253327704e+02 9.983466286982819460e-01
3.042488123477299382e+02 1.005057751482933526e+00
3.043363111187007917e+02 1.007419166417049539e+00
3.044237938382451603e+02 1.003835509152690930e+00
3.045112605063632145e+02 1.000392933930750461e+00
3.045987111230547839e+02 9.986808381191929485e-01
3.046861456883199821e+02 1.002901489473215335e+00
3.047735642021587523e+02 1.002662619174310876e+00
3.048609666645711513e+02 9.995902073267188825e-01
3.049483530755571223e+02 1.004216532364161640e+00
3.050357234351167790e+02 1.000332281248253352e+00
3.051230777432499508e+02 9.993151004545017813e-01
3.052104159999567514e+02 9.989856757089544681e-01
3.052977382052371809e+02 9.989079498506361343e-01
3.053850443590911823e+02 9.905306912939568775e-01
3.054723344615188125e+02 1.000357388802768810e+00
3.055596085125199579e+02 9.968068612289403552e-01
3.056468665120947890e+02 9.990923998706369158e-01
3.057341084602431351e+02 1.002502183194344587e+00
3.058213343569651670e+02 9.971087484517783261e-01
3.059085442022607708e+02 9.917038526906800655e-01
3.059957379961300035e+02 9.995576965037507033e-01
3.060829157385727513e+02 9.954844765738737333e-01
3.061700774295891847e+02 1.002941492330581053e+00
3.062572230691791901e+02 9.927203291544486330e-01
3.063443526573427675e+02 9.995610224973427993e-01
3.064314661940799738e+02 1.003161438305084863e+00
3.065185636793907520e+02 1.004007669664793934e+00
3.066056451132752159e+02 9.989124735676918609e-01
3.066927104957331949e+02 1.001547339862288499e+00
3.067797598267648027e+02 1.002217614511984767e+00
3.068667931063699825e+02 9.966867730736590492e-01
3.069538103345487912e+02 1.005094241224619767e+00
3.070408115113011718e+02 1.008328651553883404e+00
3.071277966366271812e+02 1.001537718557873768e+00
3.072147657105267626e+02 1.006801656733032901e+00
3.073017187329999729e+02 1.006405584823600652e+00
3.073886557040467551e+02 1.001676265828138623e+00
3.074755766236671661e+02 9.950626121965797655e-01
3.075624814918612060e+02 1.002721245838257502e+00
3.076493703086287610e+02 1.001101636349163604e+00
3.077362430739699448e+02 9.991330943684543220e-01
3.078230997878847575e+02 1.002462455745974257e+00
3.079099404503731989e+02 9.994734863508470957e-01
3.079967650614351555e+02 9.980084657649621604e-01
3.080835736210707978e+02 1.003456255658144558e+00
3.081703661292799552e+02 9.950005965120570783e-01
3.082571425860627983e+02 1.003098182793167981e+00
3.083439029914191565e+02 1.005987385809266055e+00
3.084306473453492004e+02 1.001645368848562256e+00
3.085173756478527594e+02 1.000717415811367861e+00
3.086040878989300040e+02 1.000713607933379601e+00
3.086907840985807638e+02 9.970071361189452031e-01
3.087774642468051525e+02 1.001903144151995217e+00
3.088641283436032268e+02 9.909965721305553643e-01
3.089507763889747594e+02 9.935321731070372309e-01
3.090374083829199208e+02 9.995767411612591635e-01
3.091240243254387678e+02 1.001278355483338878e+00
3.092106242165311869e+02 9.979390885163959002e-01
3.092972080561971779e+02 1.008490209001119409e+00
3.093837758444367978e+02 9.923976288897460307e-01
3.094703275812499896e+02 9.996677992968502346e-01
3.095568632666368103e+02 1.003604371325617750e+00
3.096433829005971461e+02 9.952892495460833322e-01
3.097298864831311676e+02 9.959587253385426830e-01
3.098163740142387610e+02 9.933827674871809066e-01
3.099028454939199833e+02 1.003071620671027064e+00
3.099893009221747775e+02 9.984940198930554178e-01
3.100757402990032006e+02 9.995235152648284105e-01
3.101621636244051956e+02 9.960457262066826356e-01
3.102485708983807626e+02 9.997730786423657534e-01
3.103349621209300153e+02 1.005767241586154714e+00
3.104213372920527831e+02 9.960671168038862655e-01
3.105076964117491798e+02 9.930106412337387223e-01
3.105940394800191484e+02 1.000122421753463886e+00
3.106803664968628027e+02 1.002341487969729217e+00
3.107666774622799721e+02 1.000945922157285395e+00
3.108529723762707704e+02 9.974143278640076327e-01
3.109392512388351406e+02 9.960711814792496677e-01
3.110255140499731965e+02 9.976483099114128450e-01
3.111117608096847675e+02 1.002902707650357828e+00
3.111979915179699674e+02 1.007132221554269069e+00
3.112842061748287392e+02 9.995753729455405523e-01
3.113704047802611967e+02 9.988832686847570752e-01
3.114565873342672262e+02 1.000564821898484835e+00
3.115427538368467708e+02 9.973058249686145293e-01
3.116289042880000011e+02 9.984950714067764022e-01
3.117150386877267465e+02 1.001934510019611757e+00
3.118011570360271776e+02 9.961304889316320299e-01
3.118872593329011806e+02 1.001316329592384147e+00
3.119733455783488125e+02 9.972534196293965092e-01
3.120594157723699595e+02 1.007984086590151929e+00
3.121454699149647922e+02 9.970659783040514146e-01
3.122315080061331400e+02 1.004625730538751593e+00
3.123175300458751735e+02 1.006470424626791926e+00
3.124035360341907790e+02 1.002332571491395985e+00
3.124895259710799564e+02 1.002349706249650030e+00
3.125754998565427627e+02 1.002884004063473000e+00
3.126614576905791978e+02 1.000863314800568560e+00
3.127473994731892049e+02 9.978942033540526557e-01
3.128333252043727839e+02 9.926680773659521950e-01
3.129192348841299918e+02 9.959860375769720164e-01
3.130051285124607716e+02 1.002644398771535661e+00
3.130910060893651803e+02 9.993948449216745189e-01
3.131768676148431609e+02 1.004564611710347943e+00
3.132627130888947704e+02 9.980446548336558976e-01
3.133485425115199519e+02 9.973345510200466446e-01
3.134343558827187621e+02 1.002430347723273663e+00
3.135201532024911444e+02 9.989515606598283748e-01
3.136059344708371555e+02 1.005239149277153965e+00
3.136916996877567385e+02 9.975399759870396954e-01
3.137774488532499504e+02 9.991856713828184411e-01
3.138631819673167342e+02 1.000998669977612110e+00
3.139488990299571469e+02 9.952522256292892777e-01
3.140346000411711884e+02 1.000039426831998979e+00
3.141202850009587451e+02 9.973345819730885520e-01
3.142059539093199874e+02 1.002734736917750613e+00
3.142916067662547448e+02 1.001015183361677163e+00
3.143772435717631879e+02 1.005912795659557046e+00
3.144628643258451461e+02 1.003376562828202534e+00
3.145484690285007900e+02 9.973806588959091002e-01
3.146340576797299491e+02 9.996745628483714174e-01
3.147196302795327938e+02 9.971182282939933250e-01
3.148051868279091536e+02 9.937360978877354256e-01
3.148907273248591991e+02 9.993775921121441641e-01
3.149762517703827598e+02 1.001405390648353544e+00
3.150617601644800061e+02 9.961947404563599173e-01
3.151472525071507675e+02 1.002988286251636829e+00
3.152327287983951578e+02 1.000662052628046306e+00
3.153181890382131769e+02 1.002586289749238579e+00
3.154036332266047680e+02 1.009513648155356602e+00
3.154890613635699879e+02 1.004570199618914916e+00
3.155744734491087797e+02 9.988061734773907574e-01
3.156598694832212004e+02 1.000368383057153254e+00
3.157452494659071363e+02 1.010114793782535880e+00
3.158306133971668146e+02 1.003744842871977294e+00
3.159159612769999512e+02 1.002276311689942689e+00
3.160012931054067735e+02 9.989343534451325946e-01
3.160866088823871678e+02 9.991313682682635422e-01
3.161719086079411909e+02 9.943428453335713124e-01
3.162571922820687291e+02 1.001718788332613297e+00
3.163424599047699530e+02 9.996045165226110640e-01
3.164277114760447489e+02 9.922927569725267238e-01
3.165129469958931736e+02 9.987926843614476358e-01
3.165981664643152271e+02 1.000748145879932327e+00
3.166833698813107958e+02 9.957032846168418772e-01
3.167685572468799933e+02 9.972018560261576292e-01
3.168537285610227627e+02 9.950539966239995149e-01
3.169388838237392179e+02 9.906053459567771835e-01
3.170240230350291881e+02 9.995707142410965584e-01
3.171091461948927872e+02 1.005639979117901817e+00
3.171942533033299583e+02 9.957418860347260203e-01
3.172793443603407582e+02 9.992212431430290698e-01
3.173644193659251300e+02 9.994302363602048933e-01
3.174494783200831876e+02 1.003282779664721236e+00
3.175345212228147602e+02 1.002462676923059792e+00
3.176195480741199617e+02 9.976888964136829685e-01
3.177045588739987352e+02 1.006512547592605555e+00
3.177895536224511943e+02 1.000224187539865195e+00
3.178745323194772254e+02 1.001039825546446327e+00
3.179594949650767717e+02 9.977985440156695862e-01
3.180444415592500036e+02 9.993694775083941106e-01
3.181293721019967506e+02 9.997792537935848989e-01
3.182142865933171834e+02 1.000224205817838330e+00
3.182991850332111881e+02 9.957167486431559578e-01
3.183840674216787647e+02 9.991673333201364082e-01
3.184689337587199702e+02 9.944388639179784217e-01
3.185537840443348045e+02 9.994046439074131261e-01
3.186386182785231540e+02 9.995717990036240286e-01
3.187234364612851891e+02 1.002011038677208532e+00
3.188082385926207394e+02 1.004808003721290754e+00
3.188930246725299753e+02 9.994910878156237910e-01
3.189777947010127264e+02 1.000611149499310626e+00
3.190625486780691631e+02 1.004146703206924451e+00
3.191472866036991718e+02 9.981192774063156747e-01
3.192320084779027525e+02 1.004694111727368666e+00
3.193167143006800188e+02 1.005874069857734865e+00
3.194014040720307435e+02 1.004451744856822426e+00
3.194860777919552106e+02 9.973969525965022953e-01
3.195707354604531361e+02 9.951909350589026593e-01
3.196553770775248040e+02 1.002100685789237167e+00
3.197400026431699303e+02 9.960161599996034676e-01
3.198246121573887990e+02 9.999676126601322323e-01
3.199092056201811261e+02 9.984025665359691493e-01
