# Flat spectrum for USB2+F02057
# Wavelength(nm),        Flat Response
2.950228771637967498e+02 1.000000000000000000e+00
2.951042534712047427e+02 9.981515531615742232e-01
2.951856146742942997e+02 9.987497628969996821e-01
2.952669607730651364e+02 1.000021026487880826e+00
2.953482917675175372e+02 9.999863541703029046e-01
2.954296076576512178e+02 9.996687418092232713e-01
2.955109084434662918e+02 9.939396417077344115e-01
2.955921941249628162e+02 1.005722147024870061e+00
2.956734647021407341e+02 1.001549899173522773e+00
2.957547201749999886e+02 9.970407989873781851e-01
2.958359605435406934e+02 9.983182674559316627e-01
2.959171858077627917e+02 9.941526515696250677e-01
2.959983959676662835e+02 1.001919043404079668e+00
2.960795910232512256e+02 1.007113213897535831e+00
2.961607709745175043e+02 9.960171848691105057e-01
2.962419358214651766e+02 9.961413041132884949e-01
2.963230855640942991e+02 1.000819747934321047e+00
2.964042202024048152e+02 9.988581847560613625e-01
2.964853397363967247e+02 1.000396525037982709e+00
2.965664441660699708e+02 1.000484390943483071e+00
2.966475334914246673e+02 9.944031922434282134e-01
2.967286077124608141e+02 9.994183859623129162e-01
2.968096668291782976e+02 1.004708450947505938e+00
2.968907108415771745e+02 9.982074140017911379e-01
2.969717397496575018e+02 1.002690881048692306e+00
2.970527535534191657e+02 9.961310964783034461e-01
2.971337522528622799e+02 1.000396435442129972e+00
2.972147358479867876e+02 9.976304516133035483e-01
2.972957043387926888e+02 1.006356120459928949e+00
2.973766577252799834e+02 9.955163599755307846e-01
2.974575960074486716e+02 9.981546102891084571e-01
2.975385191852987532e+02 1.001708349908700502e+00
2.976194272588302852e+02 9.960321226924379046e-01
2.977003202280431537e+02 9.965052258013465947e-01
2.977811980929374727e+02 1.007870801147168427e+00
2.978620608535131851e+02 9.975320298149519260e-01
2.979429085097702909e+02 9.971784170745542353e-01
2.980237410617087903e+02 1.000415529990417163e+00
2.981045585093286832e+02 9.976281518144115568e-01
2.981853608526300263e+02 1.002877450856522357e+00
2.982661480916126493e+02 9.984224193804391856e-01
2.983469202262768363e+02 9.985494384831742343e-01
2.984276772566222462e+02 9.976333446638856461e-01
2.985084191826492201e+02 1.006335935039514684e+00
2.985891460043574739e+02 9.976484744914019265e-01
2.986698577217472348e+02 1.000293079759133619e+00
2.987505543348183323e+02 9.986623359242675635e-01
2.988312358435708234e+02 9.954718833834669267e-01
2.989119022480047079e+02 1.004851178833856773e+00
2.989925535481199859e+02 9.975972369593123501e-01
2.990731897439167142e+02 9.977433844542009655e-01
2.991538108353948360e+02 9.994339916216112840e-01
2.992344168225542944e+02 9.994026944984021332e-01
2.993150077053952032e+02 9.974140931671814370e-01
2.993955834839175054e+02 1.001093933850273121e+00
2.994761441581212011e+02 1.000358387366091950e+00
2.995566897280062904e+02 1.000229148102104171e+00
2.996372201935727730e+02 1.003695001182705715e+00
2.997177355548207061e+02 9.951054511976656913e-01
2.997982358117499757e+02 1.000711796184508451e+00
2.998787209643606957e+02 9.971383699382727617e-01
2.999591910126528091e+02 1.002478360792026679e+00
3.000396459566263161e+02 9.952657702473789447e-01
3.001200857962812165e+02 9.992697698443236964e-01
3.002005105316175104e+02 1.000186415084855618e+00
3.002809201626351978e+02 1.000573449926217329e+00
3.003613146893342787e+02 9.951945946228225592e-01
3.004416941117148099e+02 1.003601030996646326e+00
3.005220584297766777e+02 1.000691943468953182e+00
3.006024076435199959e+02 1.002254754568782547e+00
3.006827417529447075e+02 9.947866719614115727e-01
3.007630607580507558e+02 1.002248636802013815e+00
3.008433646588382544e+02 9.982796281946854089e-01
3.009236534553072033e+02 9.957622209132294122e-01
3.010039271474574889e+02 1.007879991868210867e+00
3.010841857352891680e+02 9.974508094357725785e-01
3.011644292188022973e+02 1.000970319964697763e+00
3.012446575979967633e+02 9.978763040718922062e-01
3.013248708728726797e+02 1.002033658482102352e+00
3.014050690434299895e+02 9.954048777199536735e-01
3.014852521096687497e+02 1.003989858212304798e+00
3.015654200715887896e+02 9.949103298416375196e-01
3.016455729291903367e+02 1.001827757730232138e+00
3.017257106824731636e+02 9.949872579989657018e-01
3.018058333314374977e+02 9.985681399119465951e-01
3.018859408760831684e+02 1.002892651415215886e+00
3.019660333164102894e+02 9.987456613942234940e-01
3.020461106524188040e+02 1.000546979755290389e+00
3.021261728841087120e+02 1.001609982777079022e+00
3.022062200114800135e+02 1.002061386080711713e+00
3.022862520345327084e+02 9.931271085376344177e-01
3.023662689532667969e+02 1.005898821193158099e+00
3.024462707676823356e+02 9.987767547315502537e-01
3.025262574777792111e+02 1.000023131429789602e+00
3.026062290835574800e+02 9.970733540749301405e-01
3.026861855850171992e+02 9.987210469473111196e-01
3.027661269821583119e+02 1.000815897636690766e+00
3.028460532749808181e+02 1.000783524149546633e+00
3.029259644634847177e+02 9.984429819950582097e-01
3.030058605476700109e+02 9.978135114802021421e-01
3.030857415275366975e+02 1.002730824253066810e+00
3.031656074030847776e+02 1.000590106799412071e+00
3.032454581743143081e+02 9.947718090773716160e-01
3.033252938412251751e+02 1.004738495431916512e+00
3.034051144038174925e+02 9.960962896151794865e-01
3.034849198620912034e+02 9.979693880398864403e-01
3.035647102160463078e+02 1.003346799612036877e+00
3.036444854656828056e+02 1.000904970814689765e+00
3.037242456110006970e+02 9.938626225885571763e-01
3.038039906519999818e+02 1.000253784068070306e+00
3.038837205886806601e+02 9.994826657690266680e-01
3.039634354210427887e+02 1.000076665569461731e+00
3.040431351490862539e+02 9.950194202920453757e-01
3.041228197728111695e+02 1.005202082167457212e+00
3.042024892922174786e+02 9.969531003992657681e-01
3.042821437073051811e+02 9.992961876107383512e-01
3.043617830180742772e+02 9.991697538525671218e-01
3.044414072245247667e+02 1.001936007743368995e+00
3.045210163266566497e+02 9.960804163505436737e-01
3.046006103244699830e+02 1.001883406261165677e+00
3.046801892179646529e+02 1.000400130127421017e+00
3.047597530071408301e+02 9.975937382490326355e-01
3.048393016919982870e+02 9.990902227399403035e-01
3.049188352725371942e+02 9.981299517281179146e-01
3.049983537487574381e+02 1.000644003044659947e+00
3.050778571206592460e+02 9.978813866623781337e-01
3.051573453882423337e+02 1.003553117729042432e+00
3.052368185515068149e+02 1.002655453402163221e+00
3.053162766104526895e+02 9.990799116453893403e-01
3.053957195650800145e+02 9.951777912889376854e-01
3.054751474153887330e+02 9.997436174004270537e-01
3.055545601613787881e+02 1.000833638444205587e+00
3.056339578030502935e+02 9.977679646168258198e-01
3.057133403404031924e+02 9.971382408781953588e-01
3.057927077734374848e+02 1.002059160328624632e+00
3.058720601021532275e+02 1.000769348893787880e+00
3.059513973265503068e+02 9.960156587951947138e-01
3.060307194466287797e+02 1.001677318679055517e+00
3.061100264623887028e+02 1.000361749145758816e+00
3.061893183738300195e+02 9.985491161879583855e-01
3.062685951809526728e+02 1.000770510540810010e+00
3.063478568837567764e+02 9.985025832402397716e-01
3.064271034822422735e+02 9.983134371407512697e-01
3.065063349764092209e+02 9.985851372440505136e-01
3.065855513662575049e+02 1.002860485809580871e+00
3.066647526517871825e+02 9.972610633864326113e-01
3.067439388329983103e+02 9.994267828892320349e-01
3.068231099098907748e+02 9.997667297052483804e-01
3.069022658824646896e+02 1.002206844335852054e+00
3.069814067507199979e+02 9.979391356341651420e-01
3.070605325146566997e+02 1.000131342809208457e+00
3.071396431742747950e+02 1.001011454070432682e+00
3.072187387295742838e+02 9.997151994596570335e-01
3.072978191805551660e+02 9.966467727637016161e-01
3.073768845272174985e+02 1.001167320069778821e+00
3.074559347695611677e+02 9.991109324210957210e-01
3.075349699075862873e+02 9.991058796857232860e-01
3.076139899412928003e+02 1.000623430507510347e+00
3.076929948706806499e+02 9.974461517245248876e-01
3.077719846957499499e+02 1.002978763403943763e+00
3.078509594165006433e+02 9.972080111443025752e-01
3.079299190329327871e+02 9.989776551813023264e-01
3.080088635450463244e+02 9.957100307239188375e-01
3.080877929528411414e+02 9.990306783527914680e-01
3.081667072563175225e+02 1.003579824530987263e+00
3.082456064554751833e+02 1.000272960913177300e+00
3.083244905503142945e+02 9.998185219517020661e-01
3.084033595408347992e+02 1.000511647153423223e+00
3.084822134270366973e+02 9.975279938262872070e-01
3.085610522089199890e+02 1.003492453166667131e+00
3.086398758864847309e+02 9.969791746761648144e-01
3.087186844597308095e+02 9.974054607904462300e-01
3.087974779286583384e+02 1.001863212031649963e+00
3.088762562932672040e+02 9.974174346930421153e-01
3.089550195535575199e+02 1.000702845901340954e+00
3.090337677095292293e+02 1.003264947952709818e+00
3.091125007611823321e+02 9.989437246798461567e-01
3.091912187085168284e+02 9.959522497749135894e-01
3.092699215515327182e+02 9.998313047692815037e-01
3.093486092902300015e+02 1.002312403933308005e+00
3.094272819246086783e+02 9.977439599194162234e-01
3.095059394546688054e+02 9.987718069387605535e-01
3.095845818804103260e+02 9.970366069392900821e-01
3.096632092018331832e+02 1.002791878117744284e+00
3.097418214189374908e+02 1.000124555873045828e+00
3.098204185317231918e+02 9.954627687617308984e-01
3.098990005401902863e+02 1.004330735196119484e+00
3.099775674443387743e+02 9.961227761081418164e-01
3.100561192441687126e+02 1.002077077138457728e+00
3.101346559396799876e+02 1.001323709724308619e+00
3.102131775308727129e+02 9.948471381468112495e-01
3.102916840177467748e+02 1.000444273059181155e+00
3.103701754003022870e+02 9.966732484943580106e-01
3.104486516785391927e+02 1.003568567918442289e+00
3.105271128524574920e+02 9.958403689346643217e-01
3.106055589220571846e+02 9.999679224431531344e-01
3.106839898873382708e+02 1.001778764255806031e+00
3.107624057483007505e+02 1.000240497201946521e+00
3.108408065049446805e+02 9.987936172361158160e-01
3.109191921572699471e+02 1.002060254872880529e+00
3.109975627052766640e+02 9.990073187295113177e-01
3.110759181489647744e+02 9.982634278013847728e-01
3.111542584883342784e+02 1.000676667365216099e+00
3.112325837233852326e+02 9.980071094209748139e-01
3.113108938541174666e+02 1.002762510351868697e+00
3.113891888805312078e+02 1.001092511304561672e+00
3.114674688026262857e+02 9.964662669519662730e-01
3.115457336204028138e+02 9.998021996713752912e-01
3.116239833338607355e+02 9.986929050148479758e-01
3.117022179429999937e+02 1.001181695856451004e+00
3.117804374478207023e+02 9.948636345893823174e-01
3.118586418483228044e+02 1.001138268826620825e+00
3.119368311445063000e+02 9.966758030986949679e-01
3.120150053363711891e+02 1.001502777910679542e+00
3.120931644239175284e+02 9.973655135315351306e-01
3.121713084071452045e+02 1.001565863171057114e+00
3.122494372860543308e+02 9.995182957004531410e-01
3.123275510606447938e+02 1.000172440070122626e+00
3.124056497309167071e+02 1.000602204963774833e+00
3.124837332968700139e+02 9.990717289828344727e-01
3.125618017585047141e+02 9.994068581589851119e-01
3.126398551158208079e+02 9.963382618770653121e-01
3.127178933688182951e+02 1.003298621204508301e+00
3.127959165174971758e+02 9.962198629738772127e-01
3.128739245618575069e+02 1.001269843525970593e+00
3.129519175018991746e+02 9.994387634085423189e-01
3.130298953376222926e+02 9.997276894708293504e-01
3.131078580690268041e+02 9.989120204470040010e-01
3.131858056961127090e+02 1.001563229200248095e+00
3.132637382188800075e+02 1.000613154077182099e+00
3.133416556373286994e+02 9.990178110096682440e-01
3.134195579514587848e+02 9.979278781988518698e-01
3.134974451612702637e+02 1.001832556600142032e+00
3.135753172667631929e+02 9.980542802715108852e-01
3.136531742679374588e+02 9.991762751160983003e-01
3.137310161647931750e+02 9.976860661008387643e-01
3.138088429573302847e+02 9.984218367755391954e-01
3.138866546455487878e+02 1.000330300522397575e+00
3.139644512294486844e+02 1.001749336911942567e+00
3.140422327090299746e+02 9.974492258681560974e-01
3.141199990842926582e+02 1.001596241781743668e+00
3.141977503552367921e+02 9.996337318272803252e-01
3.142754865218623195e+02 9.967310920436855959e-01
3.143532075841691835e+02 1.005201910480027605e+00
3.144309135421574979e+02 9.963334728668180595e-01
3.145086043958271489e+02 1.001221843944211320e+00
3.145862801451783071e+02 1.001670932518808455e+00
3.146639407902107450e+02 9.977775328707104707e-01
3.147415863309247470e+02 9.961874571180128202e-01
3.148192167673199720e+02 9.996135165736498296e-01
3.148968320993967041e+02 9.976977756826229671e-01
3.149744323271547728e+02 1.001870230426087582e+00
3.150520174505942919e+02 9.983479869960466546e-01
3.151295874697152044e+02 9.985137306300136961e-01
3.152071423845175104e+02 1.001846082335430710e+00
3.152846821950012099e+02 9.978836532263266612e-01
3.153622069011663029e+02 9.981732092075921159e-01
3.154397165030127894e+02 1.000128839764385491e+00
3.155172110005407262e+02 1.000179821477189757e+00
3.155946903937499997e+02 9.988809525880166795e-01
3.156721546826407234e+02 9.952350187215541766e-01
3.157496038672127838e+02 1.007416911496249456e+00
3.158270379474662946e+02 9.947103026691361816e-01
3.159044569234011988e+02 1.000896420641570472e+00
3.159818607950174965e+02 9.996869355346876818e-01
3.160592495623151876e+02 1.000236269519669596e+00
3.161366232252942723e+02 9.994978311640243529e-01
3.162139817839548073e+02 9.974175242242273587e-01
3.162913252382966789e+02 1.004533992218455962e+00
3.163686535883200008e+02 9.972589847745089164e-01
3.164459668340247163e+02 9.982874062244696534e-01
3.165232649754107683e+02 1.004824738961062280e+00
3.166005480124782707e+02 9.969135494345270354e-01
3.166778159452271666e+02 9.984063145423095476e-01
3.167550687736575128e+02 9.989219665152279104e-01
3.168323064977691956e+02 1.000068155974807693e+00
3.169095291175622719e+02 9.987666386799162188e-01
3.169867366330367986e+02 1.000808489334644058e+00
3.170639290441926619e+02 9.964107770438269673e-01
3.171411063510299755e+02 1.000230959747917758e+00
3.172182685535486826e+02 9.975338772232366091e-01
3.172954156517487831e+02 9.979331793974244302e-01
3.173725476456302772e+02 1.001506120287120272e+00
3.174496645351932216e+02 9.998363785108018709e-01
3.175267663204374458e+02 1.003023860629874697e+00
3.176038530013632339e+02 1.000321012378407426e+00
3.176809245779702451e+02 9.963967330672046652e-01
3.177579810502588202e+02 1.000658708434171151e+00
3.178350224182286752e+02 9.979404584855018356e-01
3.179120486818800373e+02 9.982749705910513027e-01
3.179890598412126792e+02 1.001973956083973105e+00
3.180660558962268283e+02 1.001530755662469963e+00
3.181430368469222572e+02 9.968042033340933639e-01
3.182200026932991932e+02 1.000383210296562631e+00
3.182969534353575227e+02 9.976982985676099425e-01
3.183738890730971889e+02 9.996414185584242551e-01
3.184508096065183054e+02 9.979655931767924537e-01
3.185277150356208153e+02 9.981275340095788762e-01
3.186046053604047188e+02 1.001373522589183107e+00
3.186814805808700157e+02 9.972655918259382135e-01
3.187583406970167061e+02 1.001508301534709933e+00
3.188351857088447900e+02 9.979780369475801383e-01
3.189120156163543243e+02 1.002402369278014405e+00
3.189888304195451951e+02 9.986623650747497027e-01
3.190656301184175163e+02 9.994138794274526338e-01
3.191424147129711741e+02 9.967400966690491693e-01
3.192191842032062823e+02 1.003724348187473803e+00
3.192959385891227839e+02 9.980740269055500269e-01
3.193726778707206790e+02 9.949269427865797821e-01
3.194494020479999676e+02 1.002819336780244486e+00
3.195261111209607066e+02 1.001403233735842280e+00
3.196028050896027821e+02 9.983219040639504938e-01
3.196794839539263080e+02 9.958524603963663235e-01
3.197561477139311705e+02 1.002504321194770398e+00
3.198327963696174834e+02 1.001271774250650060e+00
3.199094299209851897e+02 9.985900728905802159e-01
3.199860483680342895e+02 9.993499385309312366e-01
3.200626517107647828e+02 9.972377115964000671e-01
3.201392399491766696e+02 1.003355841942459969e+00
3.202158130832700067e+02 9.995262049390116754e-01
3.202923711130446804e+02 1.002372153252543807e+00
3.203689140385007477e+02 9.950434589668095686e-01
3.204454418596382652e+02 1.001072547874322094e+00
3.205219545764571762e+02 9.962608064715844369e-01
3.205984521889575376e+02 9.991349470635362273e-01
3.206749346971391788e+02 9.993460014260291402e-01
3.207514021010023271e+02 9.980412756643651795e-01
3.208278544005467552e+02 1.002009239053978318e+00
3.209042915957727473e+02 9.997993671910377911e-01
3.209807136866799624e+02 9.985101338779783786e-01
3.210571206732687415e+02 9.997421894604094916e-01
3.211335125555387435e+02 9.961253605154775093e-01
3.212098893334903096e+02 1.002168098232636417e+00
3.212862510071231554e+02 1.000412076398571104e+00
3.213625975764375085e+02 9.998840211163996239e-01
3.214389290414331981e+02 9.984476589983096728e-01
3.215152454021103381e+02 9.991179959632816576e-01
3.215915466584688147e+02 1.000038841211851048e+00
3.216678328105086848e+02 1.001162687428218678e+00
3.217441038582300052e+02 9.954949098211355318e-01
3.218203598016327192e+02 9.991331026449594699e-01
3.218966006407168265e+02 1.002547331691755028e+00
3.219728263754823274e+02 1.000181757044938946e+00
3.220490370059292218e+02 9.986650191489240269e-01
3.221252325320575096e+02 9.978665790707692551e-01
3.222014129538671909e+02 9.992669776955193095e-01
3.222775782713583226e+02 9.997212236728794110e-01
3.223537284845307909e+02 9.977564750667494708e-01
3.224298635933847095e+02 1.002091368642288094e+00
3.225059835979200216e+02 9.999543034246298756e-01
3.225820884981366703e+02 9.972108479543189130e-01
3.226581782940347694e+02 9.971450829294714602e-01
3.227342529856142619e+02 9.985102641310196203e-01
3.228103125728752048e+02 1.004443970861104152e+00
3.228863570558174843e+02 9.950642652693452161e-01
3.229623864344412141e+02 1.000682643212498224e+00
3.230384007087462805e+02 1.002447681219543751e+00
3.231143998787327973e+02 9.960287019518095919e-01
3.231903839444007076e+02 9.975958396339790202e-01
3.232663529057499545e+02 1.003928330707608341e+00
3.233423067627806518e+02 1.000120924584715354e+00
3.234182455154927993e+02 9.968693756004795015e-01
3.234941691638862835e+02 1.000967240763604327e+00
3.235700777079611612e+02 9.987163585829602619e-01
3.236459711477174892e+02 1.002262746968130447e+00
3.237218494831552107e+02 9.973743125372266372e-01
3.237977127142742688e+02 9.969935912954575041e-01
3.238735608410748341e+02 1.004601925916096983e+00
3.239493938635566792e+02 9.971151631903627521e-01
3.240252117817200315e+02 9.997087720851577375e-01
3.241010145955646635e+02 1.000742361081600418e+00
3.241768023050908027e+02 9.994908028725427718e-01
3.242525749102982786e+02 9.971592376073709074e-01
3.243283324111872048e+02 1.000961653247519845e+00
3.244040748077574676e+02 1.000427859912591311e+00
3.244798021000092376e+02 1.002734590841050766e+00
3.245555142879422874e+02 9.968763089635777064e-01
3.246312113715567875e+02 1.001208102384530063e+00
3.247068933508527380e+02 9.970410346862544904e-01
3.247825602258300250e+02 1.002450834186951800e+00
3.248582119964887056e+02 9.959452597991079736e-01
3.249338486628287797e+02 9.998606047900294724e-01
3.250094702248503040e+02 9.988664829095057485e-01
3.250850766825532219e+02 9.945824352346195329e-01
3.251606680359374764e+02 1.002715159639064879e+00
3.252362442850031812e+02 9.980007800609133062e-01
3.253118054297502795e+02 1.000373157113014333e+00
3.253873514701787713e+02 9.994704734079408182e-01
3.254628824062887134e+02 9.991722223371474199e-01
3.255383982380799921e+02 1.000764292359030749e+00
3.256138989655527212e+02 9.968426150420363063e-01
3.256893845887067869e+02 9.996617857198019097e-01
3.257648551075423029e+02 1.000609574127156121e+00
3.258403105220592124e+02 9.971326403864781973e-01
3.259157508322575154e+02 1.000143459919285105e+00
3.259911760381372119e+02 1.000596675442355865e+00
3.260665861396983018e+02 9.994992562742214259e-01
3.261419811369407853e+02 9.971623120420652908e-01
3.262173610298646622e+02 1.001103644676399229e+00
3.262927258184699895e+02 9.971909445795823501e-01
3.263680755027566533e+02 1.000305775937906594e+00
3.264434100827247676e+02 1.002972141790571481e+00
3.265187295583742753e+02 9.970734574064381572e-01
3.265940339297051764e+02 1.000897710185283174e+00
3.266693231967174711e+02 9.968492045982221272e-01
3.267445973594111592e+02 1.000511822616935609e+00
3.268198564177863545e+02 9.989158114217167039e-01
3.268951003718427728e+02 1.001652962917189527e+00
3.269703292215806982e+02 9.984291568091887559e-01
3.270455429669999603e+02 9.958899450860869695e-01
3.271207416081007295e+02 1.003611824038598721e+00
3.271959251448827786e+02 9.982583546701632171e-01
3.272710935773463348e+02 1.001303869175343753e+00
3.273462469054911708e+02 9.926058441623875073e-01
3.274213851293175139e+02 1.003758320627914813e+00
3.274965082488251369e+02 1.000109707950659343e+00
3.275716162640143239e+02 9.995829818038398651e-01
3.276467091748847906e+02 9.956453415404922236e-01
3.277217869814367077e+02 9.990600006355645490e-01
3.277968496836700183e+02 1.000863601506816192e+00
3.278718972815847224e+02 1.002055055656031257e+00
3.279469297751808199e+02 9.982322563481045297e-01
3.280219471644583109e+02 9.982057987808352628e-01
3.280969494494171954e+02 9.990584367223139806e-01
3.281719366300575302e+02 1.001626399406026158e+00
3.282469087063792017e+02 9.973624554339179937e-01
3.283218656783823235e+02 9.991180635742508143e-01
3.283968075460667819e+02 1.002693137925937839e+00
3.284717343094326907e+02 9.967316141325673895e-01
3.285466459684799929e+02 9.998434477877334858e-01
3.286215425232086886e+02 1.001803925344586732e+00
3.286964239736187778e+02 9.963574252845706081e-01
3.287712903197103174e+02 9.992916804257886421e-01
3.288461415614831935e+02 1.001384245228717162e+00
3.289209776989374632e+02 1.002080158882993288e+00
3.289957987320731831e+02 9.961045989687844493e-01
3.290706046608902966e+02 9.969915086558475137e-01
3.291453954853888035e+02 1.002038259119247821e+00
3.292201712055687040e+02 1.000257470954897476e+00
3.292949318214299979e+02 9.993418087454377652e-01
3.293696773329726852e+02 9.999388337267517413e-01
3.294444077401967661e+02 1.000493238791686501e+00
3.295191230431022973e+02 9.961824638847577296e-01
3.295938232416891651e+02 1.000253112379206000e+00
3.296685083359574833e+02 9.970630373013814607e-01
3.297431783259071949e+02 1.000680074372934270e+00
3.298178332115383000e+02 9.974425114217791988e-01
3.298924729928508555e+02 9.998290529026350182e-01
