# Flat spectrum for USB2+F02057
# Wavelength(nm),        Flat Response
3.000199999999999818e+02 1.030099335178926712e+00
3.001100000000000136e+02 1.007165022334173932e+00
3.001899999999999977e+02 9.715792499639803736e-01
3.002699999999999818e+02 9.900325245572826338e-01
3.003600000000000136e+02 9.990338539231146120e-01
3.004399999999999977e+02 1.020930792136167220e+00
3.005199999999999818e+02 9.950752346516803515e-01
3.006100000000000136e+02 1.028382906611017056e+00
3.006899999999999977e+02 9.914972623905298210e-01
3.007699999999999818e+02 9.837701079221498057e-01
3.008500000000000227e+02 9.873027133754366247e-01
3.009399999999999977e+02 1.016082939488694770e+00
3.010199999999999818e+02 9.838979163158872998e-01
3.011000000000000227e+02 9.763235391291361642e-01
3.011899999999999977e+02 9.990164683782193356e-01
3.012699999999999818e+02 9.925472538901791708e-01
3.013500000000000227e+02 1.014236364779443900e+00
3.014399999999999977e+02 1.029342666862208544e+00
3.015199999999999818e+02 1.008687920050462150e+00
3.016000000000000227e+02 1.017189239767021913e+00
3.016899999999999977e+02 9.751755623817549568e-01
3.017699999999999818e+02 9.863595643862204110e-01
3.018500000000000227e+02 1.000615662193163447e+00
3.019399999999999977e+02 1.015246061648970688e+00
3.020199999999999818e+02 1.006803366814307932e+00
3.021000000000000227e+02 9.923181555465750980e-01
3.021800000000000068e+02 9.839743358481778390e-01
3.022699999999999818e+02 9.845046205602761002e-01
3.023500000000000227e+02 9.810497877379522613e-01
3.024300000000000068e+02 1.020245886784709732e+00
3.025199999999999818e+02 1.009822474878517840e+00
3.026000000000000227e+02 1.021141742913769024e+00
3.026800000000000068e+02 9.966995405887663084e-01
3.027699999999999818e+02 1.005678549626999541e+00
3.028500000000000227e+02 1.008894964087308832e+00
3.029300000000000068e+02 1.017513022969129599e+00
3.030099999999999909e+02 9.932150278667197796e-01
3.031000000000000227e+02 9.846870265842324610e-01
3.031800000000000068e+02 9.926260073532037209e-01
3.032599999999999909e+02 9.886965265538476544e-01
3.033500000000000227e+02 1.008608784656083612e+00
3.034300000000000068e+02 1.004865393114541483e+00
3.035099999999999909e+02 1.014519554594111694e+00
3.035899999999999750e+02 1.006645741644258463e+00
3.036800000000000068e+02 9.890006563343514134e-01
3.037599999999999909e+02 9.948641113981302464e-01
3.038399999999999750e+02 9.706068098848679160e-01
3.039300000000000068e+02 9.895700577118620167e-01
3.040099999999999909e+02 1.002148686623075324e+00
3.040899999999999750e+02 9.875998221093672536e-01
3.041700000000000159e+02 1.017516828004688678e+00
3.042599999999999909e+02 9.997808144217823489e-01
3.043399999999999750e+02 9.779207264883387207e-01
3.044200000000000159e+02 1.025755791296520503e+00
3.045000000000000000e+02 1.013428161054484189e+00
3.045899999999999750e+02 9.908387781021861240e-01
3.046700000000000159e+02 9.934010434216559160e-01
3.047500000000000000e+02 9.923507707654115606e-01
3.048299999999999841e+02 9.989344623705893600e-01
3.049200000000000159e+02 1.013889074319859196e+00
3.050000000000000000e+02 9.923367928309292374e-01
3.050799999999999841e+02 1.025843546359439751e+00
3.051600000000000250e+02 1.002217076782708327e+00
3.052500000000000000e+02 1.015483076354058545e+00
3.053299999999999841e+02 9.953735909557251960e-01
3.054100000000000250e+02 9.611413317733944472e-01
3.054900000000000091e+02 1.004549746841097990e+00
3.055799999999999841e+02 1.014212774296306740e+00
3.056600000000000250e+02 1.008226247509024009e+00
3.057400000000000091e+02 9.853315995811388062e-01
3.058199999999999932e+02 9.763968619893983458e-01
3.059100000000000250e+02 1.003193448271543886e+00
3.059900000000000091e+02 9.885525874885030539e-01
3.060699999999999932e+02 1.020616203053295257e+00
3.061499999999999773e+02 1.024764100805651390e+00
3.062400000000000091e+02 1.005001350895091239e+00
3.063199999999999932e+02 9.792929892065097564e-01
3.063999999999999773e+02 9.937134858166244422e-01
3.064800000000000182e+02 1.009887943264391907e+00
3.065699999999999932e+02 1.004321708983342276e+00
3.066499999999999773e+02 1.000856952549569190e+00
3.067300000000000182e+02 1.009683884481891170e+00
3.068100000000000023e+02 9.824141544220230671e-01
3.068999999999999773e+02 1.004584283189639438e+00
3.069800000000000182e+02 1.002466665937734591e+00
3.070600000000000023e+02 9.842244249136394840e-01
3.071399999999999864e+02 1.014263131171843080e+00
3.072200000000000273e+02 1.005570421233610512e+00
3.073100000000000023e+02 9.958672514589522740e-01
3.073899999999999864e+02 1.000936694725384379e+00
3.074700000000000273e+02 9.785664548289308984e-01
3.075500000000000114e+02 9.942871660211136664e-01
3.076399999999999864e+02 9.864837409932792900e-01
3.077200000000000273e+02 1.014812066223628406e+00
3.078000000000000114e+02 1.009048103885217262e+00
3.078799999999999955e+02 1.018324612305280708e+00
3.079599999999999795e+02 1.019826903445644639e+00
3.080500000000000114e+02 1.025565819462470829e+00
3.081299999999999955e+02 1.001071934699330646e+00
3.082099999999999795e+02 9.895321650772335165e-01
3.082900000000000205e+02 9.655265472101511870e-01
3.083700000000000045e+02 9.804528418254383482e-01
3.084599999999999795e+02 9.671984488793746726e-01
3.085400000000000205e+02 9.924389703074093516e-01
3.086200000000000045e+02 1.018360728302283080e+00
3.086999999999999886e+02 1.021122119729741762e+00
3.087799999999999727e+02 9.813074998775151991e-01
3.088700000000000045e+02 9.834579385818085218e-01
3.089499999999999886e+02 1.017336585813031213e+00
3.090299999999999727e+02 1.013363878213974667e+00
3.091100000000000136e+02 1.021269645244186508e+00
3.091899999999999977e+02 1.029154968396375658e+00
3.092799999999999727e+02 1.017726640005440109e+00
3.093600000000000136e+02 9.840301923653780314e-01
3.094399999999999977e+02 1.000527032745230027e+00
3.095199999999999818e+02 9.979577074886151200e-01
3.096000000000000227e+02 9.843756152157597805e-01
3.096800000000000068e+02 9.667118379142256579e-01
3.097699999999999818e+02 9.705660812837365592e-01
3.098500000000000227e+02 9.791929736152509278e-01
3.099300000000000068e+02 1.007878409220637650e+00
3.100099999999999909e+02 1.014587482106021454e+00
3.100899999999999750e+02 1.016929432323573579e+00
3.101700000000000159e+02 1.015124286618661387e+00
3.102599999999999909e+02 1.003858304435534032e+00
3.103399999999999750e+02 1.018216177555623103e+00
3.104200000000000159e+02 1.015288069382048075e+00
3.105000000000000000e+02 1.006656199720268097e+00
3.105799999999999841e+02 9.871794790606587267e-01
3.106700000000000159e+02 9.935094735528139376e-01
3.107500000000000000e+02 9.942651449975176137e-01
3.108299999999999841e+02 9.998007712210766895e-01
3.109100000000000250e+02 1.004669663944026015e+00
3.109900000000000091e+02 9.932427315627170294e-01
3.110699999999999932e+02 9.978057686936659954e-01
3.111499999999999773e+02 1.024066454278156568e+00
3.112400000000000091e+02 9.922696416255606389e-01
3.113199999999999932e+02 9.903824030714815096e-01
3.113999999999999773e+02 9.774018676064273325e-01
3.114800000000000182e+02 9.958713464191611964e-01
3.115600000000000023e+02 1.010215599416619536e+00
3.116399999999999864e+02 9.975574997984859582e-01
3.117300000000000182e+02 9.977373843210231019e-01
3.118100000000000023e+02 9.839749828019646039e-01
3.118899999999999864e+02 9.853651158519968201e-01
3.119700000000000273e+02 1.028696866765695717e+00
3.120500000000000114e+02 9.913751076414530905e-01
3.121299999999999955e+02 9.928026954814417326e-01
3.122099999999999795e+02 1.031562002499867736e+00
3.123000000000000114e+02 1.025308493148773481e+00
3.123799999999999955e+02 1.007591989198539650e+00
3.124599999999999795e+02 9.975689887951088020e-01
3.125400000000000205e+02 9.842257637045725982e-01
3.126200000000000045e+02 9.866925621346922526e-01
3.126999999999999886e+02 9.902456173017328833e-01
3.127799999999999727e+02 9.675499549997701454e-01
3.128600000000000136e+02 9.884143005273258176e-01
3.129499999999999886e+02 9.858957660977316628e-01
3.130299999999999727e+02 1.022901742399228597e+00
3.131100000000000136e+02 1.020245918151148734e+00
3.131899999999999977e+02 1.008107115929633535e+00
3.132699999999999818e+02 9.952813025399962488e-01
3.133500000000000227e+02 1.016092503302330030e+00
3.134300000000000068e+02 1.012622214315705982e+00
3.135099999999999909e+02 1.003243583259692429e+00
3.136000000000000227e+02 9.807494590077393548e-01
3.136800000000000068e+02 9.812737853696745782e-01
3.137599999999999909e+02 1.009224314416885981e+00
3.138399999999999750e+02 1.027426472078434960e+00
3.139200000000000159e+02 1.006180869222585761e+00
3.140000000000000000e+02 9.958014372200105768e-01
3.140799999999999841e+02 9.805777350430108230e-01
3.141600000000000250e+02 9.948340808024043191e-01
3.142400000000000091e+02 1.005821151313006645e+00
3.143299999999999841e+02 9.842463492848748663e-01
3.144100000000000250e+02 9.955342079522114807e-01
3.144900000000000091e+02 9.950228869675344923e-01
3.145699999999999932e+02 1.007660192173880365e+00
3.146499999999999773e+02 9.912822288643990953e-01
3.147300000000000182e+02 9.974934100720012076e-01
3.148100000000000023e+02 1.006860135717934535e+00
3.148899999999999864e+02 9.997189617245747506e-01
3.149700000000000273e+02 1.009239885847619922e+00
3.150500000000000114e+02 9.940748633086916586e-01
3.151399999999999864e+02 9.959640059688912306e-01
3.152200000000000273e+02 1.002467668637279541e+00
3.153000000000000114e+02 1.007723115146827331e+00
3.153799999999999955e+02 1.016563058476516179e+00
3.154599999999999795e+02 9.795111028142383658e-01
3.155400000000000205e+02 9.954995117445489816e-01
3.156200000000000045e+02 1.006859058128276807e+00
3.156999999999999886e+02 9.918515448168395698e-01
3.157799999999999727e+02 9.920040148884384790e-01
3.158600000000000136e+02 9.856517136301220505e-01
3.159399999999999977e+02 9.813360493219903669e-01
3.160199999999999818e+02 1.001007712745773048e+00
3.161100000000000136e+02 1.013997147639212670e+00
3.161899999999999977e+02 1.022241909893812029e+00
3.162699999999999818e+02 1.022054701048078273e+00
3.163500000000000227e+02 1.025151448920539110e+00
3.164300000000000068e+02 9.973444950121124197e-01
3.165099999999999909e+02 9.866990899102657808e-01
3.165899999999999750e+02 9.941230386628203686e-01
3.166700000000000159e+02 1.001119791389933456e+00
3.167500000000000000e+02 1.012559659364918430e+00
3.168299999999999841e+02 1.022501757231256914e+00
3.169100000000000250e+02 9.937970511590583644e-01
3.169900000000000091e+02 9.840731595479937921e-01
3.170699999999999932e+02 9.933142038683853148e-01
3.171499999999999773e+02 9.812035631961926185e-01
3.172300000000000182e+02 9.988841930022088755e-01
3.173199999999999932e+02 9.910961002919819185e-01
3.173999999999999773e+02 9.904165273568070749e-01
3.174800000000000182e+02 1.032109870143198549e+00
3.175600000000000023e+02 1.011501099073858878e+00
3.176399999999999864e+02 1.009106971739999636e+00
3.177200000000000273e+02 1.023857108510878744e+00
3.178000000000000114e+02 9.984326032027375231e-01
3.178799999999999955e+02 9.797133105614734827e-01
3.179599999999999795e+02 9.737344855005285460e-01
3.180400000000000205e+02 9.702610437258938347e-01
3.181200000000000045e+02 1.003318553202734886e+00
3.181999999999999886e+02 1.011181617660540155e+00
3.182799999999999727e+02 1.016351041163557012e+00
3.183600000000000136e+02 1.004101107060473508e+00
3.184399999999999977e+02 9.936852364175768892e-01
3.185199999999999818e+02 1.002783826588861116e+00
3.186000000000000227e+02 9.964537406833179345e-01
3.186800000000000068e+02 9.942209641999981695e-01
3.187599999999999909e+02 1.026159543977615218e+00
3.188399999999999750e+02 9.951366362989146896e-01
3.189200000000000159e+02 9.892377773563546528e-01
3.190000000000000000e+02 9.990939815806902935e-01
3.190799999999999841e+02 1.004988518342375237e+00
3.191600000000000250e+02 9.899092952846724192e-01
3.192400000000000091e+02 1.022367336949977057e+00
3.193199999999999932e+02 9.998467699847337631e-01
3.194100000000000250e+02 1.000325747853638259e+00
3.194900000000000091e+02 9.960431621666555602e-01
3.195699999999999932e+02 9.899937056188886642e-01
3.196499999999999773e+02 9.917775063745286612e-01
3.197300000000000182e+02 9.693548449332861638e-01
3.198100000000000023e+02 9.896919012129484772e-01
3.198899999999999864e+02 1.003236755558030380e+00
3.199700000000000273e+02 1.029269120642937185e+00
3.200500000000000114e+02 9.985710668688142500e-01
3.201299999999999955e+02 1.005799014242448886e+00
3.202099999999999795e+02 1.024621730761248850e+00
3.202900000000000205e+02 1.016427047481245349e+00
3.203700000000000045e+02 9.993515230542311389e-01
3.204499999999999886e+02 9.864759965808342912e-01
3.205299999999999727e+02 1.005255360963894562e+00
3.206100000000000136e+02 9.938853585756600717e-01
3.206899999999999977e+02 1.008321655333985545e+00
3.207699999999999818e+02 1.004864817862711757e+00
3.208500000000000227e+02 9.851430711698988540e-01
3.209300000000000068e+02 9.940492159717065901e-01
3.210099999999999909e+02 9.982928795304126801e-01
3.210899999999999750e+02 9.759170515919067812e-01
3.211700000000000159e+02 9.927366077952116674e-01
3.212500000000000000e+02 9.962801608444743495e-01
3.213299999999999841e+02 9.949596654171435350e-01
3.214100000000000250e+02 9.943115348265011422e-01
3.214900000000000091e+02 1.009023901120168709e+00
3.215699999999999932e+02 1.001933173257371523e+00
3.216499999999999773e+02 1.016253406247831226e+00
3.217300000000000182e+02 1.007617526347227566e+00
3.218100000000000023e+02 9.948330723851764867e-01
3.218899999999999864e+02 1.020880789278990619e+00
3.219599999999999795e+02 1.008032611651349608e+00
3.220400000000000205e+02 1.006263127490968357e+00
3.221200000000000045e+02 9.952345245855028777e-01
3.221999999999999886e+02 9.964443012796558863e-01
3.222799999999999727e+02 1.015351312167428688e+00
3.223600000000000136e+02 9.902395612785522827e-01
3.224399999999999977e+02 9.824797419203697979e-01
3.225199999999999818e+02 9.841174207928868878e-01
3.226000000000000227e+02 1.013195090304011892e+00
3.226800000000000068e+02 1.006540549225611425e+00
3.227599999999999909e+02 1.014623439741638711e+00
3.228399999999999750e+02 1.027933932682016493e+00
3.229200000000000159e+02 9.918387005259114986e-01
3.230000000000000000e+02 1.004799511565461767e+00
3.230799999999999841e+02 9.862798285997855796e-01
3.231600000000000250e+02 9.741703627337398030e-01
3.232400000000000091e+02 9.808416748398431917e-01
3.233199999999999932e+02 9.862155921461170927e-01
3.233999999999999773e+02 9.889322511333263899e-01
3.234800000000000182e+02 1.008010322880982246e+00
3.235600000000000023e+02 1.014524805479669167e+00
3.236399999999999864e+02 1.014647938877892841e+00
3.237200000000000273e+02 1.002616716633051963e+00
3.238000000000000114e+02 1.010155676719514783e+00
3.238799999999999955e+02 1.016406358515007158e+00
3.239599999999999795e+02 1.001483556240990502e+00
3.240299999999999727e+02 9.704970562610258922e-01
3.241100000000000136e+02 9.884699057961829904e-01
3.241899999999999977e+02 9.852788371600866846e-01
3.242699999999999818e+02 1.013742710734676145e+00
3.243500000000000227e+02 9.997366765666516608e-01
3.244300000000000068e+02 1.028789554109561744e+00
3.245099999999999909e+02 9.962038956850767235e-01
3.245899999999999750e+02 9.794357635030139786e-01
3.246700000000000159e+02 9.889813804368592365e-01
3.247500000000000000e+02 1.000381825129792901e+00
3.248299999999999841e+02 1.004351697893685946e+00
3.249100000000000250e+02 1.008887260879243408e+00
3.249900000000000091e+02 1.007233092313867040e+00
3.250699999999999932e+02 1.002402342888486952e+00
3.251499999999999773e+02 1.003667065490776000e+00
3.252200000000000273e+02 1.006162831444942896e+00
3.253000000000000114e+02 9.976214323386809468e-01
3.253799999999999955e+02 1.011037662056246234e+00
3.254599999999999795e+02 1.003619009989078492e+00
3.255400000000000205e+02 9.793452639647544089e-01
3.256200000000000045e+02 9.924327155849027582e-01
3.256999999999999886e+02 1.004927473053441433e+00
3.257799999999999727e+02 9.967584229864256962e-01
3.258600000000000136e+02 9.957189466839155845e-01
3.259399999999999977e+02 9.899482233189348390e-01
3.260199999999999818e+02 1.013525158349533273e+00
3.261000000000000227e+02 1.010994935963288599e+00
3.261700000000000159e+02 1.013430961968578625e+00
3.262500000000000000e+02 9.867147580752062552e-01
3.263299999999999841e+02 9.895870633098182712e-01
3.264100000000000250e+02 9.972758838191577713e-01
3.264900000000000091e+02 1.003794264062343844e+00
3.265699999999999932e+02 1.003556051858988774e+00
3.266499999999999773e+02 9.905898422164687300e-01
3.267300000000000182e+02 1.002885672246996762e+00
3.268100000000000023e+02 9.989918467025951099e-01
3.268899999999999864e+02 1.000170578214043982e+00
3.269599999999999795e+02 9.812826734516052474e-01
3.270400000000000205e+02 9.915899766075511046e-01
3.271200000000000045e+02 1.008541797947326568e+00
3.271999999999999886e+02 1.008508696054578380e+00
3.272799999999999727e+02 1.006391080458131526e+00
3.273600000000000136e+02 1.017181991332206659e+00
3.274399999999999977e+02 1.021258311319282353e+00
3.275199999999999818e+02 9.915068383208138769e-01
3.276000000000000227e+02 9.854757005219476618e-01
3.276700000000000159e+02 1.002501415261536799e+00
3.277500000000000000e+02 1.002407175735360756e+00
3.278299999999999841e+02 1.004488116113122054e+00
3.279100000000000250e+02 9.778044465334861934e-01
3.279900000000000091e+02 9.930717429429040122e-01
3.280699999999999932e+02 9.845133724734511649e-01
3.281499999999999773e+02 1.019597340979344624e+00
3.282300000000000182e+02 1.016792250504152895e+00
3.283000000000000114e+02 1.019506132554246935e+00
3.283799999999999955e+02 9.920523999797362658e-01
3.284599999999999795e+02 9.893970058154900604e-01
3.285400000000000205e+02 9.732644802629417669e-01
3.286200000000000045e+02 9.991520242955040931e-01
3.286999999999999886e+02 9.951365410555779167e-01
3.287799999999999727e+02 1.008614974411775389e+00
3.288600000000000136e+02 9.992503047180085751e-01
3.289300000000000068e+02 9.996737220843033844e-01
3.290099999999999909e+02 9.995234488700144304e-01
3.290899999999999750e+02 1.008687624874136768e+00
3.291700000000000159e+02 1.002470626897007389e+00
3.292500000000000000e+02 9.967212728856283954e-01
3.293299999999999841e+02 9.875289075042389397e-01
3.294100000000000250e+02 1.004224929549642598e+00
3.294800000000000182e+02 1.008760151301265173e+00
3.295600000000000023e+02 1.002659201416095769e+00
3.296399999999999864e+02 9.976166753227775352e-01
3.297200000000000273e+02 1.006532130382580714e+00
3.298000000000000114e+02 1.006902250445909752e+00
3.298799999999999955e+02 1.013195010693249687e+00
3.299599999999999795e+02 9.990698397357445915e-01
