1.087702365980452335e+00
1.089801065875956487e+00
1.078296485381492698e+00
1.057107312582267866e+00
1.055254225319416816e+00
1.058463561879658954e+00
1.067403931985032806e+00
1.071681603812542072e+00
1.073350565630440290e+00
1.066189742795023099e+00
1.057365372409305282e+00
1.057530815684694536e+00
1.055205600580911618e+00
1.038675991368781748e+00
1.031453554986566212e+00
1.027364777098360271e+00
1.037727542369649703e+00
1.040106637123726641e+00
1.036278935960935677e+00
1.031954047188403001e+00
1.033010457518067637e+00
1.032569936278515232e+00
1.026265740483141231e+00
1.014520854104118852e+00
1.011168112709328160e+00
1.009560634033457527e+00
1.001869505634323199e+00
1.000010676560875389e+00
9.990527059661700182e-01
9.983962625622596621e-01
9.846259608668413987e-01
9.723459078390892518e-01
9.679550524260158717e-01
9.745388153153057287e-01
9.789645265104877092e-01
9.793692899686141651e-01
9.799046601804061174e-01
9.780635502920688173e-01
9.800596014930362809e-01
9.892303796444197328e-01
9.857026412140001970e-01
9.793682117771727036e-01
9.761696237702235379e-01
9.747246842746793982e-01
9.786274437582779262e-01
9.913006092784188983e-01
1.005034956467806717e+00
1.007900658906735636e+00
1.003172009345073779e+00
1.016093076516781268e+00
1.035456147179680819e+00
1.031166045238951723e+00
1.015812635892501259e+00
1.005628507653204773e+00
1.011739588880904872e+00
1.014620906570844472e+00
1.006446160044560667e+00
1.002100472488504534e+00
9.937489265289332074e-01
9.915646764379667522e-01
9.927420684049791388e-01
9.912104886007875315e-01
9.840937306311641208e-01
9.758972473201773523e-01
9.706055779104505454e-01
9.709585661043941274e-01
9.744886388434182978e-01
9.710079568863267951e-01
9.677706327016120103e-01
9.722481345565668898e-01
9.760585676168168634e-01
9.741366281371238722e-01
9.757114126304500257e-01
9.777872902908141262e-01
9.842642650373908397e-01
9.867639137722491460e-01
9.834227516586994122e-01
9.853459183471836580e-01
9.908032553886874094e-01
9.987759637279979286e-01
9.980010872764366603e-01
9.919344781133184741e-01
9.916364696307458093e-01
9.938636608530398986e-01
9.978132753258509569e-01
9.945691438769002080e-01
9.925312988232078970e-01
9.928309862673972974e-01
9.966555824261507102e-01
9.970430360494151323e-01
9.944313499377788190e-01
9.912807176241719143e-01
9.875313095051221346e-01
9.862930849393782839e-01
9.805630003676431006e-01
9.821188028531064873e-01
9.857116891445887319e-01
9.892419228469021553e-01
9.908407118441774353e-01
9.961596317366804287e-01
1.007998865359966523e+00
1.012104110858223827e+00
1.005723757110907002e+00
1.000781929868526543e+00
1.008720328787426901e+00
1.016954288838343379e+00
1.013962269672153971e+00
1.010338636851607408e+00
1.016072647196650802e+00
1.024457639722448965e+00
1.022935887476702055e+00
1.019191118495409887e+00
1.014816643850636302e+00
1.015502489798537189e+00
1.009735212932187931e+00
1.002742878469369714e+00
1.008263956230831981e+00
1.008701369835146577e+00
1.007084799362700345e+00
1.007157478724183708e+00
1.009465188189735185e+00
1.019477206598687458e+00
1.024265708543964593e+00
1.024878389783405952e+00
1.031420565976638448e+00
1.043229918462587058e+00
1.044823710042857901e+00
1.042832366034923464e+00
1.038829129900072923e+00
1.040259674383403166e+00
1.038704259297401622e+00
1.029176009957549764e+00
1.018395572250788916e+00
1.015603148630249031e+00
1.013768745705766916e+00
1.012925903211794099e+00
1.007678595750668427e+00
1.003915808625968298e+00
1.005087294770753870e+00
1.002587214692135298e+00
1.004385266915055697e+00
1.011390664854712185e+00
1.010756906395146482e+00
1.010646622512902271e+00
1.010754523401612870e+00
1.017703280989922687e+00
1.024251475874958572e+00
1.022901065662979780e+00
1.025561402463089244e+00
1.029734238132119062e+00
1.031547066708671689e+00
1.033596728613215276e+00
1.032029476744537932e+00
1.026967777212320465e+00
1.022791744096703592e+00
1.022869985115069991e+00
1.029863092461802410e+00
1.029063229799797918e+00
1.023608941926488214e+00
1.017824293125503488e+00
1.014272423910880017e+00
1.018666515973950526e+00
1.012993820316333338e+00
1.005226648792154176e+00
9.971794917651399803e-01
9.913861156826909715e-01
9.994045221441918425e-01
1.003403367705530069e+00
9.957061570332442768e-01
9.859171634964801756e-01
9.838597675093060380e-01
9.819659212769914491e-01
9.754535297520199322e-01
9.710011827831298570e-01
9.702986952310360680e-01
9.735382845020688070e-01
9.772278115589192460e-01
9.815242751739295946e-01
9.874872184539861264e-01
9.903492004757465939e-01
9.905462949588967891e-01
9.952394042381391692e-01
9.974073746154663578e-01
9.994714189095182943e-01
9.988726653520991761e-01
9.983483600693576765e-01
9.986928461061692630e-01
1.001081111463190787e+00
9.972766911618320407e-01
9.925127491987635331e-01
9.925738596696797034e-01
9.938258458744275714e-01
9.920534617947991407e-01
9.886166523311201715e-01
9.792862707322919080e-01
9.746579942147297615e-01
9.737575991491588256e-01
9.767153266770538522e-01
9.827122819723539404e-01
9.796807885356146883e-01
9.810604072709284695e-01
9.893754962753182891e-01
9.927553726608973061e-01
9.871761639215393958e-01
9.824686964087812058e-01
9.892825972000373058e-01
9.986359458000715339e-01
1.002224741700089350e+00
1.005030357852364942e+00
1.002343839707863227e+00
1.006998453546522398e+00
1.006090474722941774e+00
1.002702150856087826e+00
1.001077736206144264e+00
1.000061981292244440e+00
9.944383206344648007e-01
9.977019402070300691e-01
1.000024708150400121e+00
1.000881431462368409e+00
9.980551127700084679e-01
9.928102092280758351e-01
9.954354606541931938e-01
1.001121717426317836e+00
1.003408832288027019e+00
1.003303417633886196e+00
1.001048902575582877e+00
9.989037131699475269e-01
1.001434219771386358e+00
1.001143840356743642e+00
9.990297963668551828e-01
9.935298084975924260e-01
9.951401115435002387e-01
9.948199730922144823e-01
9.932443000901619579e-01
9.971436758804350653e-01
1.000253565010548629e+00
9.966883983705323580e-01
9.919527022745835421e-01
9.910719116009788499e-01
9.956212617003725729e-01
9.968662445155961338e-01
9.936464160553002412e-01
9.938121193940998577e-01
1.000327271319711109e+00
1.003171480438628249e+00
9.978753133814799448e-01
9.928337667550329870e-01
9.953323478666771251e-01
9.991296130652597141e-01
9.990185437575265226e-01
9.997893963296624609e-01
1.001124240965415302e+00
1.004619324197409291e+00
1.002302374968396137e+00
9.965629231448090986e-01
9.952041220624715523e-01
9.944330251524748920e-01
9.918786330458606582e-01
9.929629445971497326e-01
9.940153874050635663e-01
9.968401206697612427e-01
9.999892299548087671e-01
9.974272023024839395e-01
9.958118408549311296e-01
9.918125906683028514e-01
9.896855889627153013e-01
9.879703727961860471e-01
9.873067959412430428e-01
9.895107904180511227e-01
9.967478136553015178e-01
1.003141002406471305e+00
1.003456904348550616e+00
9.976855021713991745e-01
9.985701836634954809e-01
1.000059895072456628e+00
1.000223912576712060e+00
1.000360124645274240e+00
9.987360174154935599e-01
9.983367315874027703e-01
1.000931161018104421e+00
1.005112822395852312e+00
1.008054955451642920e+00
1.002795203704047733e+00
1.000144860195767427e+00
9.996536384257502794e-01
9.987951679566461349e-01
9.957608383290028620e-01
9.934339699814049851e-01
9.981179801672976915e-01
1.005413066562979685e+00
1.003394616600514766e+00
9.983021362280897204e-01
1.000865153032927335e+00
1.007743938141506312e+00
1.008828165535004873e+00
9.975204814783709129e-01
9.877628854581145257e-01
9.897361166505034280e-01
9.943144509996487690e-01
9.950847732529568557e-01
9.927191243902663276e-01
9.928556017955291191e-01
9.992774241763163756e-01
1.001168868381566712e+00
1.000234915493777965e+00
9.964834910553923564e-01
9.915738527827023807e-01
9.922405617597104266e-01
9.927617491032312280e-01
9.933648707293228908e-01
9.964953960120501719e-01
9.997180640485658909e-01
1.004798506038381056e+00
1.012813249368531787e+00
1.015778355652648068e+00
1.011838673861034321e+00
1.005566153227498205e+00
1.000456469458729014e+00
1.001738771730883881e+00
1.008428023146796360e+00
1.006217530867453691e+00
1.002767856839501981e+00
1.006863497069692137e+00
1.008117933729997473e+00
1.005431809695149559e+00
1.003999532872430489e+00
1.002350381015190361e+00
1.004202755365948274e+00
1.008834406101090764e+00
1.011750880417410459e+00
1.017547495563557058e+00
1.018048207989137088e+00
1.010357260416719916e+00
1.006896028106308627e+00
1.007099276219777240e+00
1.005978832252583555e+00
1.001824319926058582e+00
9.991209945680767923e-01
1.000838105782128507e+00
1.000605445332380494e+00
9.990731281312232870e-01
9.988398861241845061e-01
9.977956965713693505e-01
9.999816970635863056e-01
1.000893854660812599e+00
1.004385394934683706e+00
1.011285839620977622e+00
1.007007634948856145e+00
9.958210579362605230e-01
9.924037340566795873e-01
9.944199907851268838e-01
9.946468550495706218e-01
9.915549852572137501e-01
9.834270989266623575e-01
9.862586693934456417e-01
9.964289941891713021e-01
1.002616685319197787e+00
1.007666686891971697e+00
1.014101250713742353e+00
1.017166691603514916e+00
1.018910312988848599e+00
1.016487407887987082e+00
1.007313426180436622e+00
9.973437923919040715e-01
9.915645652542707245e-01
9.886135412241484621e-01
9.903764880833277884e-01
1.002055648023050249e+00
1.010713616512333823e+00
1.020650750889958047e+00
1.026458609561889057e+00
1.026376439773550642e+00
1.024554866718626833e+00
1.020056442702726329e+00
1.014129896365381089e+00
1.008133477893831342e+00
9.992969362844161818e-01
9.940422402708273264e-01
9.886288259384019561e-01
9.915972115842931478e-01
9.977074899075687453e-01
9.984069548182027409e-01
1.006147518237338723e+00
1.015419109190039970e+00
1.017573266602775472e+00
1.015226892742352005e+00
1.006114706506509027e+00
1.002579449447048132e+00
1.004620103261537389e+00
1.000732021768001356e+00
9.916268752463522906e-01
9.898500138828946193e-01
9.959717695460039710e-01
1.009428219306647501e+00
1.011264048801420623e+00
1.002887694277144970e+00
9.991125491061112474e-01
1.006446765829506207e+00
1.015255961346676949e+00
1.016504295914669065e+00
1.013045411681448904e+00
1.005218282470490054e+00
1.005845548414990853e+00
1.005963148941252605e+00
1.002272973159259450e+00
9.963092928133965298e-01
9.930580295141538949e-01
9.927561440076190236e-01
9.972164803993692761e-01
9.974948934467826600e-01
1.001545555327389092e+00
1.005683077135238968e+00
1.004347006166387724e+00
1.001373238574289282e+00
1.000821684793925748e+00
1.000987102227601788e+00
1.001150555963122857e+00
9.992820169060263602e-01
9.982284773428455882e-01
9.969364246579218714e-01
9.976059262699902286e-01
9.968412304647036315e-01
9.957558069113168209e-01
9.995838152611146166e-01
1.003574460873480012e+00
1.010736717514426175e+00
1.016086858628244105e+00
1.011410440751137729e+00
1.004047595916415458e+00
1.000930530630881332e+00
1.000600760761563679e+00
9.959055853443677941e-01
9.873611093242323777e-01
9.829616725955045986e-01
9.890845664064318310e-01
1.002225825337540011e+00
1.008443528610668105e+00
1.008115169422399982e+00
1.004947794034215081e+00
1.000412575339986176e+00
9.954664750613415602e-01
9.938731413310332163e-01
9.949989213421279732e-01
9.888006668383554354e-01
9.805538519168763845e-01
9.766181703998043639e-01
9.822385184813803294e-01
9.921999189926669072e-01
9.967483896247004704e-01
9.970290765206362149e-01
9.982499162811790949e-01
9.928234541683178538e-01
9.882032976791736978e-01
9.900782060167099274e-01
9.922881084411422359e-01
9.924957605252180404e-01
9.903902413851454201e-01
9.907174780090401978e-01
1.003471986516633052e+00
1.018991254824302306e+00
1.017551691870261621e+00
1.005775767272157450e+00
9.999480153886011191e-01
1.004079928004954603e+00
1.004379554739982083e+00
9.983918167041107017e-01
9.948033127233453232e-01
9.970830061738110706e-01
9.997533435121865875e-01
1.000296850045996111e+00
9.990940477081862170e-01
9.986209265324229589e-01
9.984484015368556564e-01
9.989950235950938451e-01
1.003421887035665927e+00
1.000950585728784148e+00
9.890501682130854455e-01
9.831324267180338028e-01
9.904222767131289906e-01
9.952885717367533358e-01
9.922743174428089175e-01
9.915405080081689526e-01
9.965792922818536015e-01
1.002646936549357104e+00
1.007804201535586808e+00
1.002464042477456019e+00
9.973011718504677381e-01
9.889153216011697944e-01
9.856605636814433913e-01
9.891309037800861681e-01
1.000331501414285951e+00
1.005547244196826950e+00
1.000011750397939547e+00
9.945707682906428371e-01
9.986356981611129724e-01
1.002027945687501198e+00
9.981373577886450965e-01
9.918750378052314520e-01
9.929081165008247778e-01
1.001064504405702493e+00
1.003178068071078455e+00
1.004626697206237207e+00
1.004104939105943561e+00
1.007392851175657800e+00
1.004656367111214532e+00
9.926970839087135845e-01
9.810006686690108113e-01
9.809949698471238655e-01
9.845853044274156529e-01
9.885243238925994769e-01
9.904477604997448115e-01
9.953066054864577739e-01
1.002938625439816045e+00
1.011025538848375982e+00
1.008548155156959503e+00
1.002649964220348577e+00
9.961158416444296781e-01
9.886230029555641563e-01
9.886963926124197055e-01
9.952559848366356876e-01
1.003103537001584611e+00
1.008637265608343547e+00
1.007807283292696088e+00
1.002517006365656549e+00
1.003921741055609607e+00
1.005788108871498387e+00
9.965714735411301817e-01
9.868928207856749735e-01
9.917609077502173021e-01
1.003056290019077368e+00
1.009902160783515690e+00
1.006787994522926111e+00
9.919881334875075840e-01
9.887335389865419266e-01
9.935275788852880874e-01
9.946182708564973440e-01
9.895502489569892868e-01
9.876128725987138868e-01
9.878588009874477160e-01
9.947892329083716234e-01
1.005973405073790961e+00
1.004619827156143730e+00
9.983116936331465352e-01
9.928587163327742271e-01
9.877182257161871703e-01
9.918927610820562624e-01
9.970432406482176990e-01
9.974892045381124062e-01
9.934276786020609373e-01
9.931773576564610906e-01
1.000309777289010160e+00
1.007957552885458075e+00
1.009818354227382198e+00
1.001114589501881147e+00
9.907116345160379423e-01
9.894820786102482835e-01
9.916003553226289124e-01
9.949737665519405860e-01
1.000698766638060677e+00
1.006546803448285843e+00
1.013428138611996543e+00
1.018731530299246568e+00
1.019240101663737574e+00
1.018534469718167523e+00
1.020364459601019069e+00
1.015373653309366020e+00
1.009538544896852796e+00
1.003701905524575722e+00
9.990712468454693296e-01
9.903737264998729861e-01
9.908500808732713105e-01
9.908949651743903519e-01
1.000678322830178990e+00
1.009398842429939824e+00
1.014390752710853771e+00
1.020525266344439741e+00
1.023571827477077312e+00
1.016261442969967232e+00
1.009070366510034900e+00
1.005965843497821588e+00
1.005814755659821369e+00
1.003500655875700476e+00
9.970642847821544752e-01
9.946699196960084866e-01
9.952691522022126813e-01
1.002825782916055841e+00
1.007619798725176041e+00
1.005342988283387085e+00
1.000267951527429977e+00
9.937416861439211102e-01
9.949592780790081914e-01
1.000062121482369282e+00
1.000819083190705561e+00
9.955345273953051244e-01
9.953052734506007138e-01
9.999654718441566281e-01
1.001082401620649653e+00
9.986198456466089945e-01
9.997784526715302045e-01
1.000932785870723096e+00
1.003893647232817044e+00
1.004437181767104947e+00
1.004065432618542308e+00
1.005172015635482863e+00
1.004416264970331207e+00
9.957747813077070242e-01
9.921489381327075474e-01
9.947597763509714586e-01
9.954328071912750264e-01
9.977310772617661305e-01
9.917986615018955510e-01
9.909237022935508676e-01
9.946933632781366219e-01
9.929678179327451337e-01
9.885530648261084963e-01
9.915948619161993882e-01
9.987403102789702558e-01
1.011876138727209273e+00
1.013801264438009442e+00
